83
45
19
5
67
84
48
33
57
90
14
49
79
28
85
79
20
35
42
9
52
100
30
59
38
66
21
80
58
89
61
29
13
55
24
83
93
71
96
9
79
13
64
16
46
11
29
58
1
88
34
47
8
18
41
37
95
92
77
80
34
88
40
91
57
42
40
1
73
25
49
9
23
79
32
73
72
21
91
77
54
2
66
25
14
2
98
65
82
88
59
13
27
4
38
22
80
35
55
47
20
8
65
74
37
48
92
77
73
8
55
42
65
72
73
95
68
67
88
70
71
68
98
49
80
35
31
27
6
84
48
60
47
83
45
92
6
6
43
38
2
44
41
90
79
5
19
21
51
51
70
66
49
50
58
53
16
34
14
2
96
50
89
72
60
36
31
46
88
67
29
74
85
13
33
53
36
18
2
64
82
74
18
37
69
31
35
84
26
67
38
76
34
38
86
61
30
13
38
28
77
35
36
24
41
36
70
91
17
14
45
78
92
47
61
98
30
68
91
1
66
4
24
76
63
8
61
71
79
80
78
21
83
80
21
16
86
22
28
86
37
16
30
79
39
4
53
67
35
57
25
63
62
86
84
94
48
45
13
47
68
73
14
53
24
20
94
