7951	415
1377	790
5331	979
7878	355
1985	304
1385	56
8037	282
4184	15
9758	840
2690	733
4380	117
6208	597
6317	144
1684	427
9579	237
6233	680
4696	920
7883	672
8403	628
2725	121
7999	701
8593	410
9072	723
4846	597
4335	352
3387	205
1858	984
3107	0
9473	224
1762	739
6054	797
8968	438
8835	49
8049	201
8896	842
1500	521
9955	696
1916	394
2935	109
3491	834
9041	833
5738	671
7736	237
1939	408
7634	40
7439	415
8875	610
5764	208
2035	932
7484	785
8073	715
4033	287
5911	772
9808	381
3249	393
1313	957
6650	992
3044	408
8915	673
4169	807
3069	666
2914	411
5743	200
5699	442
9028	224
5866	204
4614	383
7927	284
7630	793
5101	861
3948	129
5929	823
3827	660
8953	306
5478	591
4063	279
4193	831
5994	482
8008	100
7487	484
8507	771
2888	852
1607	89
5838	94
1553	829
7812	618
4853	124
4734	82
5563	191
5328	310
2212	11
8855	427
9829	984
2339	352
3420	678
4994	55
3463	778
3563	343
2043	782
6524	234
5221	979
6354	51
3107	350
9208	502
9627	228
3913	528
3067	671
5000	137
2086	861
5360	295
3458	644
3525	898
4968	161
7073	234
1883	30
1050	59
5504	785
8983	285
2557	386
4087	861
3612	855
8899	402
5053	392
4562	307
8676	189
1349	962
5910	93
1377	472
8218	103
2462	219
5469	719
2534	613
7326	722
3790	290
5531	179
5969	325
1503	312
5680	408
8982	433
4347	268
5463	700
1394	237
2144	48
2893	233
3252	91
5557	917
8948	750
9733	903
6961	304
9865	118
1984	719
9051	574
8177	273
2086	31
5171	271
3788	535
5433	279
3794	676
9601	612
4071	570
5753	12
2391	690
6591	105
7951	546
1174	549
9653	375
1385	429
3928	872
7092	378
4983	935
4458	780
9437	254
7674	463
1613	62
9527	223
5210	285
2346	990
5831	711
8600	883
5257	418
8181	669
8211	143
7224	42
6237	998
5752	855
3450	211
1266	361
7989	934
1715	319
3792	996
2004	353
8003	51
6111	92
5609	563
6061	767
1222	550
8896	207
8939	926
8754	415
3165	707
7744	573
3420	371
1162	739
2598	238
3223	919
6127	930
8037	133
7636	552
2642	625
7782	147
9737	836
6134	428
8981	854
3486	366
9491	914
5388	644
2024	345
9873	525
8276	910
7298	961
8726	354
7591	252
8011	272
2762	424
3899	956
7204	668
3249	573
1177	28
4582	300
2915	969
2647	54
8268	188
6562	76
2895	781
8378	886
4221	21
2195	827
2515	575
6106	378
3831	394
3636	542
9673	207
1594	337
1984	805
3519	281
2638	734
3095	720
1873	879
7947	586
5001	187
5128	19
6722	867
7829	522
8559	43
6560	137
8576	452
7266	119
5536	451
9044	764
5108	675
4663	619
9634	742
2911	652
4155	424
1066	418
4959	277
5968	375
9605	278
1299	994
4178	302
4160	606
1253	666
9468	246
5178	809
2848	167
4522	930
5015	822
2214	916
9006	223
7591	373
3748	940
4635	214
1714	212
8241	914
3681	557
1773	164
2306	136
1899	630
4667	907
7545	990
7784	603
1913	983
6555	0
7947	666
9946	148
3694	233
9197	596
9705	639
2393	484
7159	269
5964	833
1691	686
9866	693
1266	216
9241	184
9084	400
9517	885
9243	849
7467	746
9752	890
9531	707
3080	284
8862	967
9901	248
8096	55
5967	467
4455	501
8923	30
5310	138
9915	145
3657	368
5334	787
2974	431
3371	646
9134	365
4267	912
6600	136
4367	35
4194	856
1750	384
7848	255
5795	350
3623	181
6534	828
2143	312
6120	872
1664	954
4768	972
3067	359
8604	814
2051	889
5664	663
9512	356
8906	401
6082	16
4632	655
6830	815
1543	680
4605	986
6968	227
7553	848
8091	409
5957	970
8807	800
4623	926
1978	215
2058	247
6151	244
4281	655
5800	661
4462	146
1358	198
6963	768
9058	331
6546	349
4984	104
6642	37
2915	349
8949	574
2172	317
2365	330
4177	791
7586	434
2734	616
7878	187
1928	997
3789	690
9548	896
1244	800
9934	255
9142	903
9973	231
6045	657
9309	97
2902	327
2430	215
1366	376
7972	74
4965	104
9509	72
8942	108
7860	880
1346	356
5774	649
8431	733
2633	569
3987	292
1833	552
8622	121
5883	200
5414	598
9021	77
9973	835
6873	318
9516	71
9656	450
5939	343
1014	762
6197	779
8465	447
4015	291
8613	628
2362	623
7459	906
8230	549
9110	408
7020	989
9707	758
3730	140
3044	671
3066	448
1100	910
3956	354
6991	881
2277	409
1718	75
3728	560
8042	293
3650	90
3013	454
3787	723
1589	819
2764	318
4400	920
3925	263
5706	619
4369	833
2778	165
2888	300
9148	622
8348	964
6956	461
6636	233
6983	866
7990	669
5966	572
5979	657
2571	983
5311	212
6554	413
5990	892
3370	714
1588	877
2517	211
2814	247
1540	232
4944	841
4081	316
3392	766
9652	784
6027	788
2156	234
8299	237
3002	753
5971	893
9890	578
2620	20
3714	24
1246	412
3198	425
9381	934
8328	919
8457	517
1581	239
7150	497
1618	685
1929	628
9029	516
2233	347
6669	164
6485	579
4431	427
7355	961
8872	116
2352	887
2088	469
3613	890
3637	386
5700	80
4043	107
5319	947
2975	575
3284	254
3591	556
9281	580
4629	897
5965	560
4621	769
5782	259
7009	348
6517	30
3653	748
7607	704
4297	11
6719	250
1328	206
7426	540
5357	308
2444	354
3665	604
1926	782
8163	293
3136	233
8831	355
3318	236
1544	263
2872	401
1084	691
1288	786
5072	444
1413	881
9582	177
9933	840
5036	790
8294	830
9167	350
2374	478
9726	773
6136	597
3698	669
2501	193
1589	87
4448	513
7614	582
1016	652
3060	559
5636	253
7368	164
4877	187
7688	586
4640	749
5103	585
5128	710
6280	608
9704	323
9294	37
2618	583
5185	457
7755	544
5505	283
9208	76
7598	3
2774	433
1372	843
8368	918
6491	252
5630	247
4710	284
2225	333
3129	41
7974	184
8922	290
5064	866
4712	328
7672	8
7421	0
8111	489
5989	960
4441	477
5960	433
9639	701
7986	391
3951	134
1957	720
9516	946
8758	657
7639	429
6591	953
3123	406
4852	869
8847	18
8112	712
2045	384
9887	969
8373	553
1188	706
5784	459
7729	88
9934	959
9877	702
3153	366
9407	72
7930	526
2046	912
2096	18
6169	743
1442	751
5778	0
6830	671
4994	489
4027	771
9014	230
1598	556
2605	755
3668	91
6425	392
1396	482
5659	403
9814	982
3225	728
8888	582
9821	589
7287	737
4626	341
4983	207
9884	620
8561	469
9184	806
5781	364
1062	782
9483	349
1911	328
1793	792
2586	348
6131	825
6604	20
2006	207
3013	645
9196	64
5624	346
7333	307
6845	573
3362	984
4926	312
4294	942
9492	988
9480	834
5784	204
1541	629
4237	71
5184	425
8694	329
7328	521
6719	347
5056	364
6432	190
9243	69
8864	62
9690	789
2970	293
5937	74
4055	425
7943	198
1996	55
9047	565
3485	132
3389	739
8182	874
5523	687
6595	662
4627	229
2199	356
1825	197
6034	230
1055	906
9729	363
3886	939
3955	943
5109	984
7037	257
4409	141
9862	728
9471	210
2472	389
3818	658
2995	252
1776	238
3398	662
4677	126
8779	26
4391	97
9769	60
2562	999
3968	451
6488	907
4899	831
8367	159
7135	863
6957	452
5697	745
8599	433
4960	180
5536	219
5366	561
3690	363
8596	384
6974	859
8958	56
4862	113
6604	895
2579	481
9235	529
2492	473
2314	795
2834	21
6898	169
5386	546
3734	315
6589	705
5950	903
3965	967
8063	16
4936	675
7565	924
6956	291
2195	988
5814	543
9074	839
7127	650
6228	987
4216	466
8120	4
5901	917
2969	730
5250	253
1494	569
3495	306
8541	93
9152	247
8372	807
5552	459
1338	790
2963	270
6962	490
9424	602
3023	18
7503	724
8604	369
1991	720
2120	322
2719	195
3623	251
9968	884
6905	322
1621	446
8037	55
6236	827
9123	500
1994	549
3988	869
1035	12
4266	191
8911	983
7276	286
3008	675
7567	51
7815	522
2409	542
6031	122
1978	133
4335	941
2872	874
9269	668
7578	808
5679	242
4595	744
5356	427
7522	33
7339	135
3298	618
3026	879
6214	854
2613	79
4598	381
7526	154
7739	406
4634	966
9965	628
2177	801
1551	716
7007	318
7708	176
2460	153
2832	592
4331	970
3572	640
7373	369
1171	11
1470	72
4576	556
1722	217
4726	867
1354	707
6116	926
9956	779
7083	416
4329	971
8985	273
9836	31
4663	763
7565	619
3523	330
8591	277
9302	340
4589	156
1426	13
2152	242
4977	566
8104	879
5041	926
8108	632
8223	136
2574	255
5141	700
8114	482
1082	451
1858	725
2240	132
3644	896
6116	660
4460	585
8221	345
3627	281
5981	521
1044	330
7469	590
7478	708
3482	339
1491	748
4321	507
4690	622
2463	90
2609	198
4009	215
2962	413
8800	709
6613	998
5676	118
8394	965
8445	199
5769	513
2938	900
5229	618
7976	644
9441	221
9091	224
8208	794
3195	23
2901	252
3550	148
8410	632
1543	493
7775	423
7210	353
6419	698
7345	603
2246	638
6419	159
9266	797
2231	805
9190	973
7710	73
8352	622
9180	933
7646	17
8085	275
1903	305
5091	177
5648	497
6542	5
3274	979
5506	647
1252	370
4348	228
2456	282
3800	159
2453	930
7365	990
8861	683
5696	52
9015	972
6401	298
5010	793
4219	822
7882	224
1579	147
7292	196
5052	361
9912	297
4576	461
5607	798
4705	420
1714	974
7759	54
2179	225
8192	672
4904	338
4559	383
7618	465
6463	25
2756	556
3131	557
8888	193
7764	53
2614	238
2454	915
6204	450
3395	61
4156	582
9743	696
7486	294
3061	541
7527	38
6331	718
3759	540
7878	222
3843	821
2071	390
5366	335
6767	920
4615	560
6606	738
7621	215
7311	795
9578	449
8017	624
4928	835
5767	114
5302	512
5405	143
6645	461
5352	452
3067	165
5735	887
1197	961
5503	126
9972	48
3476	373
4763	301
7822	819
1799	734
6435	59
9226	170
6615	496
8015	795
8132	676
4343	790
1944	842
7044	283
2342	121
3308	619
8746	677
4980	230
3137	500
9542	176
1737	923
6735	691
8502	321
6924	236
1384	830
2344	101
9740	627
1475	714
5686	801
8715	67
9380	395
2495	805
4167	880
2942	16
8324	978
9250	618
8783	538
6959	609
8224	105
2900	4
5386	848
9667	668
6872	152
7611	79
1360	968
1319	60
1447	989
8824	914
6599	609
6626	808
8414	915
8326	661
5229	833
7837	676
2706	733
9313	252
9823	416
5321	280
7661	147
9590	663
6746	402
5433	829
6440	590
2195	616
9486	73
9154	299
8692	186
4345	297
7702	761
6728	89
2223	549
9199	594
2876	509
2743	392
2807	706
5583	247
3935	946
4705	632
7444	870
5998	881
4735	610
3304	255
8984	464
2898	453
2829	936
1827	854
4629	71
2929	477
8109	962
8910	364
1104	6
1264	765
3897	460
8641	849
4679	302
9631	790
7285	623
8662	63
6668	571
1905	821
7682	19
5920	265
8989	319
4485	39
7564	701
6818	711
2352	488
9263	955
6470	718
3224	437
2235	250
2828	247
7937	188
5495	18
9037	837
1820	298
2784	433
7452	498
4947	263
5917	523
6679	923
1886	218
7647	726
3185	107
4955	310
7995	243
9145	157
3665	929
5634	782
2475	115
5728	257
5966	387
2543	279
3787	666
8348	492
3275	30
1725	71
3382	494
6868	260
2607	592
2073	795
1206	760
7491	373
9979	744
5419	449
6873	508
2310	691
7291	887
1931	133
1611	637
9513	433
7482	60
7919	809
1896	409
3987	357
1373	851
4787	763
7192	497
5498	334
8631	31
9031	892
9348	165
8810	584
2764	294
6928	695
8550	187
3521	931
7632	298
2842	980
5186	922
5832	229
6753	59
9775	937
7562	989
4818	348
6503	571
5960	544
3297	602
4443	421
6086	226
9295	923
9253	312
3973	998
9095	805
1330	790
1694	242
3616	520
1375	618
2246	228
4786	719
4035	129
2468	740
8750	624
8967	229
9191	290
3011	373
7356	798
8599	921
4931	414
6807	181
4705	904
6743	76
4695	188
7306	655
5642	554
6325	336
9805	715
6640	268
7703	585
7415	773
9404	772
4166	297
2799	24
3323	86
9336	202
3890	772
3023	342
5125	116
4010	927
1410	238
8428	837
4183	14
4518	332
4557	942
1435	21
6465	879
4481	441
3768	60
2249	109
8927	654
7608	296
7933	555
7394	665
1403	482
5371	621
4021	652
6591	649
7281	933
6475	126
2881	97
4557	631
9055	99
3566	776
7554	170
4536	879
5999	251
4259	878
5226	958
6516	934
7771	790
2385	819
7692	979
8645	810
5195	440
6450	116
1957	355
6355	716
8887	84
2128	634
6657	756
4812	775
7745	531
6021	847
8542	198
8401	92
5777	378
2493	863
2675	923
4224	918
5550	718
9199	65
4101	933
5656	972
9609	985
3422	513
4175	711
7344	327
3565	646
9411	224
1636	717
5550	228
2431	578
1781	668
8828	686
2657	162
8149	554
7798	200
2744	214
5148	478
9956	464
2757	810
9355	788
5055	571
1049	114
8762	941
6232	985
6786	346
5551	773
2601	966
6978	155
8925	591
2575	448
7618	856
5030	750
9760	353
9511	218
4068	700
9289	370
6575	673
5491	924
6242	798
3494	600
4908	269
8067	573
6485	768
2188	571
3414	70
2109	436
8250	336
9224	942
3322	488
4803	579
5495	413
7548	199
9484	831
7284	575
1911	958
6265	524
9217	335
6357	720
7681	148
6873	465
5574	44
9653	957
4137	998
2880	5
9892	333
6075	97
8237	264
9783	686
8150	150
9774	245
9116	696
3906	332
2677	283
7124	438
1497	928
4051	769
1233	10
9591	874
3001	293
6232	211
9061	66
5566	534
3568	567
4003	697
9141	365
6551	994
5721	675
8617	41
1592	529
8627	327
9173	307
1777	947
6798	640
8464	664
3149	216
3301	654
7714	842
1161	170
6253	943
8659	889
7922	805
8087	788
1089	235
9533	839
2719	353
9012	91
4759	785
3411	380
4318	119
8595	357
3174	277
5887	944
8918	829
8938	364
7713	245
4036	646
6385	359
7113	702
9860	497
5818	474
5165	868
4543	177
4237	174
2408	174
5979	169
5760	453
7806	315
7854	653
1055	290
3655	837
7656	198
5299	551
2058	609
9316	849
3271	537
1572	22
9886	766
9517	698
1936	88
4421	895
6570	101
1359	453
8200	156
9673	920
9654	214
5777	619
6787	32
9375	170
8305	697
6218	883
5726	391
6360	19
4297	954
3932	863
6163	302
5778	687
8563	389
3072	156
2072	1
6513	157
4431	695
6081	182
4980	508
2009	839
1476	854
9083	238
3964	482
2542	714
6938	817
6486	556
9092	611
6821	325
5513	980
9100	20
4866	971
8401	431
6196	819
9203	391
4889	570
7773	170
7867	46
7905	640
6801	323
1777	719
5909	394
8650	211
7317	993
5065	795
3668	403
5477	493
6445	540
1514	449
8277	688
2483	204
6720	478
4653	985
2057	910
5294	522
3524	872
9700	835
8616	241
9090	418
6471	992
8777	602
1500	534
4061	456
1655	687
5822	639
5747	805
8421	202
2546	155
6243	796
6294	910
4105	83
5139	807
6823	210
9106	955
8153	666
3989	928
5029	688
8084	431
4183	154
6857	682
9714	650
7412	546
4076	388
4049	468
3693	427
9956	749
6514	914
8328	548
9278	386
2652	506
3854	401
4828	586
8608	835
6341	874
1652	729
6063	698
9897	412
9886	183
9404	371
7333	711
1966	156
1382	327
7966	534
6672	963
4950	808
9919	145
7885	471
6961	271
6223	184
6487	667
1500	449
1969	939
4883	860
4385	600
3035	761
1020	79
9191	474
5067	930
7580	993
4314	486
1458	43
7234	67
1695	319
9737	412
4275	662
5122	207
2903	705
8764	790
4968	219
5978	364
7336	784
9137	488
3607	91
5298	611
1143	856
3424	168
9311	862
1293	598
1623	537
2803	863
6313	248
6209	610
4026	90
5242	722
2559	9
2659	548
8063	497
6090	747
1178	31
7805	554
5956	592
7193	786
3786	958
9835	12
2845	896
7504	652
5371	872
2816	996
7529	688
4790	384
6105	890
5371	685
2255	3
9642	250
9482	476
6351	940
3278	60
2817	329
7387	163
8582	234
3349	532
5167	756
2812	425
8675	296
6910	473
4568	399
3242	273
7840	479
7899	252
8626	621
1185	725
4019	485
5305	212
9800	290
5916	978
4831	326
6889	414
7467	296
5811	207
4826	957
6302	816
7591	476
1365	840
7377	116
8014	750
4278	784
2914	446
8593	458
7116	903
7587	242
8811	231
9529	892
9264	401
1086	868
2227	226
1135	174
6658	786
1058	361
2353	787
8468	812
3332	295
3302	444
8838	294
3491	334
9041	689
1001	587
5338	986
8141	390
3961	728
5885	789
3544	767
5569	72
2582	713
5447	524
9382	967
1016	309
5613	537
2866	953
4572	743
5523	213
2100	407
9322	44
1200	642
9300	409
2789	31
7924	755
3259	720
6306	987
4525	510
9675	425
8473	233
1798	427
9796	895
4596	595
8552	586
5239	970
9550	779
2369	342
3749	415
4772	244
3715	195
4439	342
7723	253
5186	342
2241	367
4187	536
3560	697
9455	312
8543	361
2333	146
1281	916
7628	359
3512	569
3959	779
2342	414
2854	866
3448	274
5885	540
2660	36
2829	300
6343	203
1645	702
1393	415
2704	197
9203	172
3893	771
1327	320
7488	312
7894	429
1543	168
3167	204
8712	234
1404	431
3124	305
5223	688
5592	781
4770	207
1212	284
6041	2
2537	418
3209	994
2208	618
5957	853
8354	931
5537	178
2152	972
4116	214
6717	304
6828	329
5565	189
5018	736
1120	575
9230	807
3908	24
2283	196
1495	165
6404	323
2563	113
5756	577
4528	656
7270	909
1908	361
5879	839
9857	708
6456	378
3720	562
5155	387
5744	743
3354	694
5145	187
5080	223
7324	941
4626	615
3098	451
6991	255
5113	35
4129	283
1895	91
9267	139
3319	980
6277	422
8431	124
4682	873
4464	704
2759	264
5430	186
3186	208
8510	843
3158	492
7441	528
8046	491
3784	105
8033	941
2496	665
9696	898
5296	309
1101	136
2850	328
6996	982
4496	327
5036	971
2912	910
2768	599
4496	379
3880	401
8589	877
2266	809
8725	961
8561	579
3131	666
6220	745
8473	799
1426	667
7900	553
4954	754
6846	163
7453	375
8758	796
5935	404
9374	976
9290	266
4188	532
7378	534
4649	289
3780	997
7772	333
3839	301
9512	567
5761	283
6204	354
2092	585
1725	523
8027	358
9630	97
7972	151
3812	882
3042	806
9285	690
5668	465
8943	382
6640	671
1441	481
1114	166
2270	850
3507	257
8961	480
8095	639
1816	806
7615	326
3036	957
3209	60
1789	161
2894	451
8564	110
6559	142
4967	784
3641	427
8698	495
4157	506
2647	785
5856	208
2529	441
1639	523
8210	514
4119	660
2123	583
1006	70
5372	361
1118	730
3137	589
3006	257
1874	322
2595	283
1463	262
8473	356
9333	974
6798	12
2468	54
8962	407
1751	806
7935	595
1315	183
5850	813
1757	617
2636	681
5846	798
4235	469
7638	250
6155	589
7440	860
3383	223
8340	449
5313	450
9322	678
6183	456
4724	430
7226	618
3273	296
5953	304
6749	651
6561	147
2314	624
8426	948
9146	617
4280	6
3807	651
4374	197
9837	802
4913	191
5314	334
7045	611
2492	876
5422	283
8495	783
5691	31
7349	261
4413	870
5951	115
6258	446
3986	890
2227	879
1648	448
7480	834
9771	838
4269	500
4847	418
7013	313
4091	937
4829	951
2605	387
6609	307
2608	617
5803	307
9099	725
8466	828
6887	770
9363	816
2811	987
7240	390
7833	17
3202	326
3840	212
4686	978
9112	828
7899	571
1488	777
7817	998
7806	173
6617	496
5495	943
1806	59
5831	136
2564	827
1859	831
9913	48
7314	64
9184	616
6227	18
7393	915
9587	31
2007	488
2899	91
5449	103
1164	55
4273	596
9065	41
6037	351
5003	349
7594	591
4530	761
2028	366
3408	672
5692	401
1421	858
6694	27
3982	208
1694	262
5334	965
2570	172
6342	492
5347	973
8392	730
6462	44
2693	129
2425	916
5200	611
6504	901
4649	993
8116	589
6798	84
3759	171
9804	881
5210	633
3166	45
4181	240
4434	90
8585	244
4327	347
7561	500
8955	6
1368	406
1326	73
9651	509
7502	893
1531	658
1945	244
3284	199
5588	855
2221	21
8924	678
4354	319
1739	688
8157	973
8893	575
3166	851
1342	49
9921	57
4729	393
4407	821
3222	789
5246	857
1700	806
2246	59
4702	886
3023	510
7166	385
7732	121
5556	201
9939	683
8153	727
7334	119
1715	522
5598	898
8291	580
6990	40
5944	724
2901	208
6255	164
6169	982
3048	796
7101	712
3013	419
1169	7
1957	838
8639	648
9983	516
4847	213
5371	865
5871	425
6172	286
1965	158
3621	667
4484	544
7006	945
6976	133
8394	888
2358	525
8741	517
7814	597
7344	682
9246	353
3446	487
2095	434
1286	174
8891	999
2906	9
3695	535
3644	885
5473	572
5605	590
8093	251
8441	444
6476	215
8457	451
9063	708
2942	146
3746	403
8957	199
4168	105
6728	103
2805	995
5140	682
2805	701
9664	147
8546	600
3321	228
1281	700
8831	800
1113	776
1111	259
6788	237
9294	817
3040	239
7665	784
7384	479
3992	719
5241	938
7123	556
5945	505
8284	790
2320	53
5212	590
4247	802
2166	747
6186	638
6566	576
7035	169
8783	564
7059	729
2682	574
1260	572
1180	263
2741	680
1400	9
1047	806
6670	251
7603	68
7371	392
6894	611
2193	403
9450	3
7453	925
7777	180
6429	690
6284	946
8735	15
7117	118
9806	72
9324	688
4527	816
5229	579
2146	793
3349	333
3130	515
1462	448
2156	270
4780	272
7110	707
2913	973
9272	983
1286	241
8189	488
9162	751
4225	740
1151	687
4214	34
3804	738
8880	743
2093	207
4607	62
8338	756
4075	202
8984	842
3130	550
9985	565
7937	915
8857	922
8580	750
8543	964
2062	437
2000	359
8659	533
9227	634
7843	547
4632	965
2252	917
6550	846
5255	271
5813	505
2833	60
8913	164
9043	661
1981	97
3729	209
4721	964
6869	852
5625	485
1077	506
2283	356
5477	453
4099	174
3245	37
5536	929
2748	913
7054	911
5892	220
6800	430
2996	293
5354	303
7241	700
3737	636
7215	92
3266	563
8771	700
3308	425
1971	292
8060	648
3698	97
9958	837
2246	81
5009	112
4998	88
3758	149
7213	475
7528	299
3605	97
7678	22
2370	813
6800	144
1705	219
5287	372
3297	989
4720	521
3782	321
2169	426
7757	88
8102	112
5918	893
7057	107
9746	947
5674	549
9486	617
8784	939
9480	363
5517	155
9905	766
1118	932
7963	209
2116	174
8598	598
6120	461
1949	51
5824	169
4136	155
1374	683
9569	575
8931	202
5846	404
6825	387
1234	913
5761	74
8140	869
4029	52
2836	545
8233	380
2269	42
1328	262
9371	874
7488	768
9244	88
6992	495
1286	443
8982	198
2136	115
2805	555
9052	598
5163	49
1509	514
7338	45
9394	658
5568	223
5201	733
3687	135
5818	871
7455	746
3510	72
3017	128
2496	949
3107	933
1081	908
1221	294
1736	386
9330	760
8368	759
1531	759
3663	392
8114	250
8627	464
8938	506
8462	748
8623	941
5120	249
5823	786
1454	919
6706	40
8751	672
1255	186
4645	601
6607	171
8540	406
3495	470
4662	821
2570	273
8259	535
1545	384
8260	422
9785	497
2301	683
4611	100
3275	263
7172	395
8413	293
2105	54
8474	454
1110	662
7214	124
8630	933
3509	292
9261	734
7518	946
9195	959
8014	219
4511	720
6056	131
2700	290
1401	172
9800	431
7820	60
5547	874
4952	784
6893	40
4893	979
3400	271
9523	7
2562	490
7293	85
3083	542
9683	68
5454	233
8716	887
2920	178
3986	246
9889	638
9232	232
8083	541
2142	986
6311	848
2854	887
7523	322
6479	211
3410	775
2748	340
8402	6
8916	67
8811	755
8455	680
9278	335
5017	630
2404	203
1405	772
6408	218
9890	949
9764	109
8152	866
9053	179
6480	236
5039	764
9753	852
8338	885
5448	838
9033	0
3307	998
9060	687
3941	933
7866	955
1550	360
4160	344
6490	756
8377	268
5303	139
5563	249
4194	201
7623	303
1886	880
5081	410
7490	498
4832	649
4924	786
4627	308
9345	357
2975	48
4282	947
7464	942
8593	993
1628	0
8627	805
6578	132
6383	75
4844	763
8115	564
1965	51
1183	678
2745	767
5531	827
8304	600
9717	32
5895	693
8314	796
9595	978
2065	919
8465	257
2244	722
8315	541
4355	273
5217	872
7458	294
1633	7
9293	469
7335	273
5845	294
3241	341
6093	852
3744	443
8620	665
5556	910
4748	83
6376	769
7190	36
2120	192
7927	953
3172	145
7551	601
5174	895
9994	85
1756	491
8553	267
7287	25
6838	469
8688	205
6698	469
5276	86
3926	150
7389	687
4565	601
5311	909
1826	970
6622	764
6809	9
4069	344
3783	677
3952	536
5920	84
5897	300
4425	291
5710	924
5844	811
6858	539
8980	647
1508	61
9018	950
3263	795
5882	152
6810	967
8829	423
2142	366
1299	294
6692	951
6930	44
7902	80
9827	982
3732	934
2714	892
2817	657
1949	618
3840	689
8620	235
2483	454
9429	142
1002	644
2425	373
6516	368
6718	133
1278	672
2021	957
2892	264
6377	27
3251	516
7880	130
4145	637
7333	66
2098	183
1735	84
9529	669
6461	431
5968	801
5160	116
3454	772
1637	526
4799	69
3680	669
5530	860
2328	648
2812	402
9895	554
3212	28
1588	863
7557	503
4564	946
7067	737
8896	931
1617	345
7862	77
3130	614
2474	75
1011	964
7902	88
9721	665
8721	362
6589	437
8309	635
5688	341
4139	245
3474	751
4250	35
5789	826
9852	579
6839	553
7551	592
4846	978
8177	732
4495	406
8662	503
2989	591
6965	20
1304	621
7903	753
6082	961
5555	455
2230	22
3059	803
1039	686
1670	519
5396	280
7119	771
7923	555
8602	869
5135	88
6403	741
8837	166
2625	484
7560	996
1916	325
3885	658
5813	667
4042	344
4476	127
5070	230
1250	869
6491	941
3137	496
4553	234
5918	732
2863	112
2952	926
7282	111
7771	9
8599	29
6047	485
1683	204
2306	323
9759	598
4354	195
5918	247
7883	539
9436	734
3013	273
7753	612
4900	369
5965	676
7126	125
2859	196
4590	394
4768	590
9732	2
3305	871
2474	778
4896	254
5717	975
5068	900
5528	488
7171	557
8939	401
6956	631
3275	367
4572	390
5663	27
2366	75
1510	963
4197	823
9865	280
4483	558
8332	340
6229	417
1112	500
7482	337
5077	608
2400	234
9836	15
7565	33
3602	722
8197	690
8290	287
9740	741
7780	126
3665	593
4729	167
1221	3
4639	530
1612	183
3842	579
9065	644
6942	475
2858	900
8370	167
4845	60
3271	567
7603	122
4815	391
6563	764
5804	59
9018	219
2850	439
4491	349
2762	583
4911	207
7650	751
5397	474
2915	39
1380	608
8892	506
6576	646
7172	753
3770	85
8197	240
8889	861
3367	846
8176	731
9445	94
7713	791
9652	930
9947	933
3032	98
1897	282
8540	842
8087	391
3214	67
2265	946
4525	106
3087	422
4485	539
3606	556
2745	785
2340	888
7406	374
9460	260
5353	492
9676	783
3807	143
6370	84
6810	691
3226	306
3894	685
6839	846
2119	192
4976	650
4892	793
7997	562
6350	625
4557	396
6395	834
3009	478
6133	920
3384	851
7355	945
5035	36
1538	49
7255	83
7581	0
1513	3
5790	541
8116	925
5631	514
4579	801
4484	942
8401	411
4610	282
2375	585
6418	492
1087	242
4655	225
2957	265
3779	667
9050	526
2183	391
7934	422
7674	421
8055	609
8739	633
2579	498
8492	315
1073	371
4766	532
7506	193
1866	113
6068	312
4854	996
5000	268
2740	321
5468	736
1594	553
7270	680
4432	867
7145	929
2896	124
7130	629
7467	766
7393	453
4447	670
7978	915
2859	932
6268	632
3841	402
5505	908
6117	974
4265	972
5546	8
4310	598
5423	976
7437	499
7479	73
6848	13
1212	907
4749	535
9353	575
7830	129
6232	0
4178	821
9839	372
8902	17
7095	756
4741	998
8566	799
7163	735
3984	201
5620	112
4525	498
2122	211
3914	970
1535	389
6416	910
5367	128
7081	534
6660	354
6834	992
8162	830
2448	832
2709	899
4862	585
2829	601
7962	817
9878	107
9211	747
1978	335
1918	939
2265	36
5362	457
5199	879
3926	847
5457	504
4645	204
4281	951
8569	697
9516	973
1325	624
4495	156
6378	840
3331	350
5140	300
6419	668
9003	640
7676	60
7263	271
7647	828
5268	287
5526	169
8016	379
8795	447
5339	995
8744	922
3193	993
9053	920
3834	980
2218	931
7120	506
4230	955
7590	596
9025	922
6243	27
1710	745
2059	956
2107	169
6043	319
9622	367
3296	350
8200	906
4569	136
7743	767
2001	46
3687	707
4324	717
4646	601
5787	713
5248	336
4245	520
3307	159
9292	654
3803	631
4032	846
8542	608
6727	350
9218	904
9334	170
8273	422
4521	988
1104	384
5943	223
9737	726
4115	146
1540	491
5036	779
2718	153
3948	909
4388	255
6170	534
2948	123
4674	226
9587	118
7746	398
3402	378
8840	758
3331	14
6996	816
3374	373
3022	497
4488	850
1459	623
4035	788
1257	287
3099	906
9861	211
3290	669
6691	119
9252	751
9500	948
5926	966
8440	357
4516	682
3709	422
3631	929
6296	488
6325	6
5153	977
6500	350
9048	45
5437	715
8685	212
7460	746
2455	802
5374	535
1278	749
7938	270
5878	377
2872	193
7557	526
7817	68
6513	213
1838	732
3708	951
9262	356
7641	918
3531	339
1133	52
1313	283
5702	796
5988	795
5978	48
9811	695
4083	432
8736	250
6625	258
6981	603
4423	784
4677	135
1376	371
4890	694
9195	853
8865	427
7158	907
4018	366
1982	154
4993	250
6810	21
4317	453
2629	51
7999	565
6588	4
2988	260
1964	491
6113	437
1257	356
7364	506
2146	696
7521	591
2689	175
2115	610
6968	8
7057	533
9194	422
7484	182
2903	280
8187	207
9173	424
4818	417
2446	119
8859	55
4479	289
1263	469
5269	156
2455	478
5168	141
9394	129
6062	372
9428	862
5491	290
6562	37
4120	951
4497	35
8587	169
5075	423
3607	359
2372	688
4527	101
9915	871
7686	792
5846	91
9563	873
4877	289
1815	392
8000	259
1458	761
1670	722
5188	667
5865	835
9344	892
6804	192
7751	860
4470	711
5260	546
9902	167
1352	791
1780	974
9844	382
9301	64
4609	913
3500	912
4965	798
7987	877
2156	402
3138	149
2030	907
1497	355
3737	573
7797	240
9042	252
2179	376
6062	969
8219	296
8723	311
2408	9
1649	544
7042	84
1139	506
8615	826
6052	596
7442	974
5380	260
2775	71
4636	225
6695	311
2928	436
4769	169
5574	296
6374	706
3013	141
6617	481
5450	8
8469	123
8821	727
4305	640
2979	612
6443	640
4960	728
3781	788
1309	650
1710	376
3421	747
5072	148
5568	137
6263	748
9769	640
6670	963
4196	670
9488	387
3445	457
1058	829
3868	106
5726	475
1655	903
8427	396
8205	680
6757	447
5424	49
7057	464
9535	325
8814	538
6094	419
2087	84
7530	369
9560	92
2885	628
3477	59
9045	586
2619	795
5348	7
2989	480
3744	55
6401	188
7259	217
2370	987
9434	63
4859	676
5841	226
7821	368
6722	562
5979	528
2165	845
6958	707
2448	884
9388	148
2993	442
7986	536
1610	917
1183	756
5118	633
3585	753
7407	928
2560	925
6855	609
5550	256
4530	686
7938	238
8800	512
3610	518
7749	953
2034	989
9466	619
2711	516
4523	707
7646	345
2932	895
6047	976
1273	979
6041	55
5696	803
8289	46
9350	546
8305	364
4102	773
3323	571
6671	10
9577	412
2183	856
9069	62
8554	455
9455	10
9924	336
9710	600
7661	175
3179	354
4750	921
2736	710
2133	148
8700	277
7714	883
1859	849
3213	678
9744	944
3949	809
9429	139
8375	171
2588	681
9342	671
2156	963
3009	503
2472	959
4536	227
6632	715
9499	646
8491	274
6833	161
3957	237
8131	431
5436	418
3342	556
7053	359
2517	156
1803	777
1933	422
3266	449
3568	439
7295	109
4315	182
2795	217
6984	461
1952	671
5854	142
9366	981
3801	737
3638	773
6983	926
1230	420
3812	386
3751	794
9692	495
5014	787
7029	158
8228	863
3351	884
5766	190
4137	294
5421	630
3067	18
4879	299
8507	108
8397	737
1385	887
2221	351
1316	515
4912	973
3175	808
9468	277
5538	355
3868	434
1995	839
2812	884
6632	198
3044	221
5005	942
4553	777
3950	70
7708	153
9801	943
8547	849
7366	737
3595	977
3312	111
8073	407
6938	179
8964	301
2182	902
4260	273
3365	283
6213	696
3402	776
8400	385
5160	190
8624	203
6011	774
1334	529
8632	574
4797	714
4591	308
5470	29
9299	686
6186	601
5075	675
7891	606
3444	595
4165	559
7020	776
6349	296
9978	6
2435	546
2743	935
4291	516
1519	611
2454	378
8454	569
1768	661
6875	984
2704	949
1127	314
8566	195
2427	10
7781	781
4392	92
6744	706
8513	107
1381	692
2980	113
7353	167
6679	157
4670	740
8732	538
2433	341
9814	63
9834	993
9000	63
7066	347
2044	307
9972	291
5310	361
1114	654
4072	343
6953	599
2062	60
3941	885
4568	125
6014	97
2425	892
5902	120
9078	697
6880	714
5044	197
1389	454
3529	139
7274	349
8321	375
8237	425
8402	880
1631	220
4920	247
1967	508
5120	1
9131	551
4855	751
3280	577
4971	336
1808	661
1854	478
2087	550
5509	633
1104	519
1911	902
3042	633
7821	915
4749	228
8928	560
5639	593
9750	960
6533	278
8432	961
1114	271
7146	742
2920	806
3686	598
9832	473
4121	373
4228	344
1090	722
8794	558
1625	566
3174	783
7821	584
4219	297
9359	8
8498	81
1559	826
8456	314
9732	530
3894	367
9823	100
5503	781
1011	312
1829	959
4561	25
4020	277
5206	661
7382	573
4840	328
3564	641
8388	189
6688	904
4959	463
1751	451
5431	906
6862	269
7580	35
8878	20
3195	284
4042	945
9936	368
4689	922
7584	580
7597	762
1078	384
8161	685
9648	594
4695	181
2671	186
2211	255
7558	801
3012	783
9125	386
1360	568
1033	230
9243	817
1948	13
1988	27
9035	246
6870	667
9059	813
6726	445
3911	283
6359	578
1891	622
7860	770
6546	228
4199	691
2465	459
2456	567
1644	91
4867	203
4369	648
6577	165
2661	851
3070	414
1905	6
5956	101
2910	321
1929	571
5274	140
9225	602
9930	606
5679	204
6921	29
6781	470
7906	855
7746	306
1771	984
9926	973
3767	707
1697	960
8478	594
4260	780
5894	922
4326	141
1615	7
7326	278
1997	925
7706	573
6293	306
5344	610
3311	342
3932	855
3855	304
3548	548
1045	719
8683	702
2405	760
2018	547
4254	139
4998	280
8652	92
3211	830
9316	943
7319	920
7880	823
7287	740
1019	79
7937	867
5341	451
7339	562
4037	493
5535	785
4108	924
2181	146
6639	857
2058	36
4756	743
7026	698
2796	993
2429	824
1679	719
3232	104
6875	978
2738	472
6438	773
4057	395
7016	240
9844	911
6097	66
3676	613
7250	456
1368	183
3693	354
4763	502
8207	494
7240	403
8069	5
1304	705
8565	309
1782	464
1179	875
4406	931
6848	470
9414	667
9928	345
6192	15
9316	534
9246	673
8814	392
7380	181
5265	223
5489	67
1771	375
5985	411
6608	731
2022	910
8130	177
1294	146
7959	217
5656	586
8910	106
1513	685
2576	46
8823	798
7310	640
5133	11
9617	635
9524	168
8726	793
9590	389
5701	665
8028	206
6296	76
5907	53
9415	38
5923	509
6286	771
1910	564
7608	791
2494	117
8908	984
6687	658
5852	510
7543	77
3621	739
1455	383
2446	245
9053	284
9836	241
5994	631
2369	185
4715	601
8196	546
8085	803
8040	310
9914	406
3169	946
8343	509
7835	365
6810	523
3472	186
8338	253
6764	787
6941	395
9359	677
3996	90
8939	114
6895	162
9755	949
3303	391
1761	396
3214	589
5818	736
5819	853
4809	225
3980	236
6035	614
7123	619
1975	290
7826	258
1083	2
7901	82
4021	432
9243	132
8624	292
2206	214
4280	321
4056	198
6927	36
6749	800
9439	5
4714	413
5859	760
9166	277
5924	156
1467	339
4322	20
2829	716
5655	571
1730	846
2008	18
7695	778
6963	842
6388	611
3091	772
8861	899
6188	403
4826	460
2891	665
6798	567
2698	709
5607	847
2107	252
3939	153
8093	408
1451	426
4586	242
4742	932
3249	124
7890	572
9509	764
2068	519
3756	301
6294	71
4158	547
8366	979
6896	274
1206	572
1931	7
9819	968
4884	114
9629	185
4362	728
6351	571
1658	331
1591	587
8508	390
6067	734
1169	879
4005	447
2002	36
4290	745
2060	233
3336	528
3761	217
3459	778
2587	31
6666	82
9551	706
7495	487
6136	346
3220	244
9416	247
7619	882
9974	736
6893	488
9979	423
9354	33
9307	435
7678	895
2904	31
2338	934
1594	625
9423	667
2771	298
6189	78
3692	667
8888	346
8671	123
5006	814
9633	358
1018	576
1326	447
2789	647
8159	990
4174	452
8891	128
3630	663
9386	803
3523	249
7188	109
5282	831
1490	722
4298	206
1375	373
2210	212
6321	16
2840	20
1851	257
7604	694
9280	479
6806	879
8982	268
3365	35
7679	209
1315	573
3220	487
3367	472
2345	197
5779	816
4439	345
3104	140
3213	827
2440	155
3453	444
6021	209
6297	213
2099	823
5867	402
7386	219
3624	199
1391	59
2353	307
4445	553
1231	674
7195	753
6609	224
6416	358
1558	463
6625	181
5317	926
2490	373
7013	67
9535	89
3746	346
4356	419
5686	306
4019	509
3182	398
9130	811
6492	400
8562	712
6207	158
7231	967
3595	154
1720	70
3996	357
5380	947
6837	101
3356	697
2315	706
4626	526
4836	365
3155	719
2443	600
9234	461
7182	460
8111	858
9345	218
8209	276
9915	508
8992	150
3103	487
2239	260
9124	375
2792	850
6293	566
4941	719
3263	397
9305	616
4212	726
6359	326
2652	588
6494	476
6898	234
4052	423
8906	989
7346	45
2100	243
2264	936
9132	884
9074	112
6361	266
9039	106
1956	788
8124	887
9342	708
3960	39
5722	206
1956	541
2267	387
3415	72
6162	826
3982	917
7119	527
3931	363
2744	489
1630	21
9262	746
9074	94
6635	44
4873	207
3968	955
1985	168
4835	167
3879	435
4440	100
6668	234
3157	908
8089	809
5522	762
6410	851
6524	67
3175	291
3611	890
7359	613
2313	239
1653	843
7524	320
9769	58
5325	67
4963	954
4045	426
1917	471
9164	450
9255	81
6059	387
7236	432
6096	337
8971	892
6119	786
1329	662
1765	708
4682	156
4489	827
1784	641
7179	876
9186	168
1756	940
8323	745
2139	969
9035	153
9342	16
3992	196
2841	315
8254	934
3331	576
8920	614
7868	802
3026	39
7714	801
6792	950
8519	348
4712	165
2222	348
3927	270
1416	903
5173	838
8563	691
9748	646
4869	30
2544	176
5530	436
8267	982
4701	685
8670	188
7444	481
4535	969
3757	38
8786	435
8402	363
1918	727
6698	40
5846	192
6510	80
7836	200
1901	131
6063	935
7138	210
2032	582
4457	558
7783	164
7134	807
9526	941
9186	100
3359	909
3726	226
7058	503
2462	756
9384	828
1107	873
4830	523
5461	219
8784	427
7114	282
5356	351
5207	993
7338	563
3793	191
1319	504
5472	446
5107	537
8427	634
9077	478
4505	720
7845	760
8289	609
4575	380
5623	920
2548	485
9977	177
6690	445
6260	824
8779	550
2920	789
1292	763
6727	956
3920	441
6107	945
5820	810
8928	207
1720	19
1071	482
2341	670
6382	692
1896	425
3549	156
8424	139
6790	647
9469	348
4105	120
2722	178
1057	353
4719	90
5856	403
4677	57
2887	204
8475	532
4991	32
2539	161
6418	709
7326	966
8814	220
3961	111
4569	981
5456	540
9206	362
7745	908
7601	431
4075	20
7847	425
7755	136
6929	404
7113	979
5960	260
2916	512
2657	372
5092	941
8070	518
7407	218
6879	369
7692	25
2370	777
3832	899
7383	593
7482	14
9621	48
2826	383
2306	95
9822	23
2082	242
8538	959
4967	44
4236	19
8060	385
2861	457
4760	118
2502	544
1214	831
5649	26
1948	298
9225	745
1345	8
9747	190
6434	695
9694	818
1459	966
3733	171
4983	875
9150	792
7056	548
6053	101
5682	285
7375	52
2113	355
2431	823
7460	770
7689	256
7498	341
2938	651
4781	897
3877	927
8814	180
1352	308
2595	503
3268	928
2590	168
4506	11
8187	542
1953	888
7592	79
6198	630
5848	738
3282	678
7953	906
7005	782
1675	386
4981	473
2010	65
4475	878
8936	781
8931	709
6376	388
2834	104
1304	472
9050	724
8094	796
9061	926
5393	546
2241	788
7941	482
8274	792
1400	685
7965	615
5721	711
6428	277
2568	919
1768	307
7149	124
8021	123
4825	292
5612	5
6205	770
5250	584
1276	564
4683	761
3035	393
2493	632
9755	5
7778	642
9190	446
2926	521
2010	196
5447	454
7513	90
2886	598
5440	747
8708	362
5517	727
1035	207
6922	419
1457	997
3923	267
1454	506
8509	571
8031	932
5763	80
2832	369
2000	706
2159	790
3693	153
9092	374
1146	252
7176	164
6435	959
5114	321
2306	968
8099	613
1639	127
5237	234
3390	885
5728	767
7812	810
9309	848
9090	185
2988	489
3367	43
1679	856
5072	625
1614	808
3985	618
9291	754
4519	397
9470	650
2468	777
8843	34
5272	153
7160	403
5913	298
7511	431
6631	637
6809	688
2259	732
3120	931
8305	147
3224	371
4440	945
2252	591
1663	613
8356	40
5060	668
8023	798
9766	509
2323	811
1527	361
8802	590
4290	213
6239	927
1009	569
8092	629
7082	834
9254	862
2689	136
6165	231
7145	164
4288	860
8569	861
9271	925
9588	978
3700	172
6161	713
2449	101
9449	998
8188	609
4831	294
8498	306
9772	18
2557	255
5152	816
6781	259
7507	31
9057	342
1468	378
4699	402
6310	375
6708	955
5538	651
4018	38
3705	696
4832	72
9900	500
3305	799
2247	112
2879	637
4495	132
7944	36
7493	813
1421	729
9830	40
9648	71
9948	868
1724	211
6130	116
8471	356
4901	189
8368	957
8244	630
4777	892
2253	757
4022	40
3359	906
5411	912
5540	547
1637	901
7500	883
5900	543
6080	535
9476	198
9534	104
5256	211
3198	698
5666	395
6610	953
4955	833
3347	972
5323	901
1416	40
7152	666
8379	429
9927	831
7522	858
8801	910
5254	159
9898	962
5637	705
4995	406
8647	224
8391	12
9277	940
3795	647
5434	748
2221	47
6985	997
3170	815
9462	509
1918	62
4048	697
3701	390
7408	531
2373	860
7758	537
1896	626
2650	703
1684	32
4631	307
3061	223
9959	483
3106	219
4911	409
7891	801
1968	560
8637	840
3107	366
4778	699
1776	940
6449	625
7067	644
5374	828
2119	800
9050	133
1902	444
6111	167
1100	595
2602	744
7676	78
3321	295
7959	696
1830	34
1336	432
7157	795
8242	533
6993	231
4100	351
1857	274
4732	94
4894	561
2268	280
3011	472
8234	890
4982	768
1542	901
8745	333
7109	404
3200	100
8623	750
5039	526
3559	743
2496	847
3050	541
8971	588
6581	298
3719	260
8883	26
4423	87
4511	21
5065	801
7037	526
3328	902
7163	850
4703	694
9647	543
6307	650
8360	678
4936	792
4782	90
6103	77
8389	291
3784	766
2990	430
5274	855
4224	546
9718	987
2321	51
9201	260
7807	354
4067	938
8779	106
5810	457
6837	943
8102	289
3111	499
5279	745
4619	806
6133	57
7739	253
3389	330
1748	247
3152	766
4464	462
6767	600
4227	39
9199	135
1659	440
4405	102
4426	178
7944	774
5931	846
7419	703
6737	512
6116	227
7435	836
4873	844
2484	775
8841	663
8923	739
7411	567
6213	743
9416	804
7705	246
7425	202
7147	691
7398	542
2246	775
6572	627
6016	527
9599	677
9519	560
5830	85
8547	428
2471	114
8060	403
8202	142
6797	283
6841	568
7638	96
5573	421
6428	426
3105	956
4770	614
5970	637
4382	565
7656	635
3067	892
7557	476
7143	934
8397	486
8619	939
7819	514
9180	50
4602	27
3486	128
1260	486
6750	859
6050	752
1818	796
8849	576
1536	260
9529	503
4496	360
2367	388
5315	100
6674	493
9850	693
6817	225
5699	232
1657	317
1825	626
3097	565
1610	245
6648	884
6594	943
2646	408
4831	145
2888	919
7183	497
2667	896
8923	885
6528	57
1067	662
7619	921
5457	210
4671	143
4683	20
6544	921
4296	791
5050	697
7343	770
3088	584
8211	711
2667	363
5272	862
7439	291
1570	280
2764	771
1859	369
8925	440
4848	628
6884	939
8704	126
5933	761
2526	996
6390	826
6017	850
7852	69
8153	341
2210	180
4035	6
5644	77
1860	340
2370	954
4345	673
2003	813
8792	895
4994	739
4065	14
5339	174
7550	120
6137	78
6505	669
8359	933
3988	323
6651	551
1835	633
7480	452
4696	683
3969	737
7665	367
8656	551
7556	70
1166	72
1951	732
9368	49
2874	225
2677	865
3967	621
6687	951
1771	989
3088	432
3376	124
2217	849
6035	311
8659	247
9250	709
9361	57
3190	968
2561	375
3941	18
3244	41
3011	809
9747	690
3675	865
8510	417
3820	70
2622	342
6614	320
4610	763
1915	919
9641	797
5852	639
1004	169
1798	968
7469	162
7757	521
2094	542
5011	19
4766	545
9813	290
6585	593
9072	645
9143	728
3544	130
7306	602
2372	399
1944	39
1281	436
9146	286
7030	574
9381	982
4699	861
4345	86
1959	894
5193	359
4900	783
6735	816
8977	787
3768	408
1658	527
3112	258
7640	562
9098	305
8045	365
4580	445
5174	9
9500	724
1528	551
1059	255
2052	23
7798	253
7784	647
3850	696
7429	643
4041	956
7386	370
9487	662
2926	815
8171	885
8516	539
2052	143
8418	225
8677	105
9046	227
6244	467
3068	683
2342	391
2907	926
9773	950
4205	414
3563	267
7177	598
2101	753
3790	311
8002	694
1709	741
3016	1
3039	200
1664	2
1761	951
9398	649
6451	326
7009	345
7966	672
8291	954
6208	756
6173	295
7954	965
6137	289
6594	491
7155	458
6209	738
8491	917
8417	600
9180	941
1301	309
6516	470
5913	676
1047	673
7180	295
5926	348
5308	232
8964	816
8039	176
2330	858
9456	592
5984	580
7674	172
4443	510
1441	274
7287	106
3883	895
8146	163
2210	479
2401	509
5117	632
2927	834
8571	808
7130	448
3444	40
2053	948
4209	198
4709	63
5813	562
2878	346
5345	440
3516	287
5880	369
8180	925
6030	894
9418	125
5838	177
9348	936
8559	448
1250	129
8832	504
7917	893
7231	487
9700	132
5265	63
2447	422
7528	560
9512	950
4043	195
6842	733
6269	922
1117	853
8655	131
7230	817
1156	614
3598	224
9278	704
6435	202
9558	660
7903	56
6866	80
2888	490
1706	996
8902	203
1296	360
9179	503
3211	154
6583	340
1683	460
5711	519
6833	25
9701	478
2458	120
9058	705
3185	15
5148	242
4298	399
8540	588
5001	187
2169	101
4872	301
5000	991
1969	651
2251	382
7146	52
3351	516
4763	571
3614	598
5502	919
8320	837
1561	16
7948	902
9102	28
2223	680
9280	547
8253	187
6441	672
2551	755
5549	512
8904	416
3264	863
6881	7
1398	145
8142	198
7031	287
5898	220
1843	463
2465	849
5840	531
2066	953
5908	100
1869	42
7534	890
7576	713
2688	400
3656	211
7187	260
3962	730
2129	688
1554	824
7921	479
6077	271
5895	560
2739	473
1344	819
2540	728
8837	45
9783	73
9510	329
5952	372
1594	983
1005	40
1778	41
9706	639
2748	418
3987	245
7269	601
6644	246
2857	173
4214	365
9218	542
2697	396
1122	773
1806	481
2119	675
8363	310
4168	565
5027	365
7554	200
4620	65
1473	741
3498	68
8481	650
2118	11
9700	458
6295	63
3340	470
4059	879
9208	710
7934	542
6773	570
5604	662
8530	636
3163	405
7528	211
6423	605
9606	545
4117	407
5856	281
8111	177
6327	906
1317	494
8920	325
8955	168
9423	389
4488	230
7050	995
1037	930
1654	203
5853	546
6530	170
8822	363
2898	309
7976	481
4304	820
1569	180
5219	823
5586	530
9758	983
3227	893
2594	729
5544	346
9846	316
9674	649
2470	58
1419	396
6636	155
4455	510
4262	440
6981	198
5020	122
3754	139
5804	500
5885	355
8935	231
3372	962
8554	470
9852	541
1473	105
2752	620
4343	290
2576	152
6082	547
6354	516
1340	111
9743	652
7716	162
1954	474
1323	68
4401	965
7436	300
9096	513
4784	516
9516	730
2034	146
9048	503
4200	193
1207	446
8348	512
3729	698
6272	43
5287	607
6825	66
1112	713
9654	823
1993	389
4975	899
5036	352
5693	844
6337	425
6594	694
1478	423
1866	11
8433	50
8608	461
6028	19
7262	205
7412	811
5780	489
2950	96
4178	764
2766	320
8108	723
6214	76
1032	51
1990	549
7118	823
8878	132
4318	520
6567	484
1964	357
2676	485
6109	305
1768	364
2262	610
3164	978
6175	342
4622	91
4512	794
3215	677
5659	33
1686	122
4243	427
2980	77
6963	129
2966	10
6785	83
7892	618
5846	839
1363	222
5958	57
5290	60
2331	27
6928	861
3066	56
5820	619
7668	466
8202	139
4277	747
1224	108
7693	568
7142	485
9163	883
1956	841
3306	225
6067	520
9447	478
1609	706
4442	909
3872	893
8332	486
5451	223
6961	267
6093	665
1079	273
7999	794
7150	695
7178	470
6617	298
7599	481
5608	247
8536	668
9652	484
1810	844
3808	748
8784	807
6612	877
5358	378
7384	509
6230	32
2708	21
7342	224
3331	716
8444	929
3515	114
1588	158
3799	685
4315	214
7859	693
1037	917
8551	653
1754	873
3543	24
1857	511
1240	347
8269	791
4862	107
2481	669
9896	24
8018	84
2891	176
4258	987
7201	800
8528	518
7295	68
4041	763
9388	661
5940	649
2982	375
4284	273
9115	63
5534	145
8025	769
4018	302
6494	33
5907	198
8951	980
9283	489
8043	386
6298	257
6353	42
9483	700
5189	751
8425	84
4735	450
5632	795
5017	469
2122	276
7859	354
1010	442
5619	830
2223	651
2873	264
5265	228
5302	416
8334	445
5330	745
3750	182
5561	410
4002	736
5420	771
1514	273
9838	517
9814	971
8783	914
3956	650
4401	385
9863	409
1310	869
6277	604
2680	601
8681	569
4297	241
3225	628
1491	62
8390	435
7519	260
9891	603
7760	548
7831	594
3791	390
3197	314
2768	617
2246	397
4214	610
5324	156
7906	297
7786	356
7180	332
5877	90
1622	175
3869	264
4481	107
2257	973
1107	391
8874	72
6731	950
9602	839
6169	175
6819	180
2195	215
8587	636
7248	477
6433	178
6737	92
6947	150
5191	47
7582	515
5133	144
5231	25
4396	174
1080	476
3546	579
2110	0
1593	738
1305	402
3110	829
7819	17
4421	184
9325	344
3941	906
1358	22
9760	915
2932	763
6603	7
7971	911
2831	11
2337	785
1398	553
1984	858
4201	555
9960	269
9488	581
6047	683
4773	674
8979	122
9560	380
5655	626
8767	614
1608	988
4222	33
9384	664
6644	699
6398	860
9979	323
4934	841
5102	91
8007	511
6406	589
7126	158
1838	544
6556	937
1677	21
8589	378
8287	199
3549	237
9390	179
6662	399
5484	818
3506	530
2212	768
7943	900
5700	921
9780	143
8110	300
4970	581
5230	707
7675	358
7345	174
6175	9
6125	892
2884	337
8991	83
1201	643
7509	890
5269	124
3677	965
1532	944
6756	28
2437	762
3272	348
7268	89
2229	556
5891	109
8622	933
8576	768
8650	291
8748	888
8031	527
1683	475
7850	767
6082	459
2213	178
5945	719
1448	197
8185	879
3044	887
2417	887
3626	925
8789	391
4404	285
8250	108
8792	329
5495	195
5245	157
6211	194
6519	460
2293	0
6401	947
1111	800
7294	389
7934	864
1871	898
9509	432
1574	519
1299	915
3913	24
1186	518
7962	494
7127	227
7640	418
4108	519
4259	667
3233	784
6717	33
9975	163
2156	870
5734	191
5711	11
6047	634
1706	32
7662	184
7346	230
9934	834
7126	376
8680	6
9672	366
4244	874
5596	597
9856	973
7716	200
2823	942
6757	144
5311	204
1857	84
9866	18
9203	510
7096	834
3519	855
8892	650
2215	882
1028	432
2964	976
8281	337
3812	884
7232	295
3874	633
4218	725
3239	856
7638	554
5502	831
6383	200
9028	420
3125	369
4198	208
5486	624
9330	777
6954	652
6776	345
7593	521
6144	171
7729	424
4398	474
1817	978
1941	516
8393	18
1953	762
7444	446
2856	807
9926	87
4841	68
1996	264
3973	689
1605	493
9300	122
6819	299
8288	401
3552	628
7387	971
7535	130
1702	523
3054	767
9927	34
4175	885
5977	446
6075	908
6702	311
8812	604
7672	623
6907	819
7500	329
5280	898
8233	646
4701	211
5902	80
5652	797
9560	710
3433	583
9988	376
8061	841
2047	869
2856	413
3633	584
9601	523
5862	360
5461	230
4916	403
7014	787
8420	797
9191	936
2896	179
6672	299
4148	599
8885	863
7803	345
7731	440
2232	829
3587	160
8099	673
3337	376
4009	646
1144	402
3391	866
7085	786
8374	841
5876	157
2591	819
6480	333
4572	160
4702	183
3283	566
8793	692
6750	735
1362	521
3543	989
3700	423
4309	808
9467	281
7164	621
1415	179
4966	406
3959	584
8876	736
7042	838
6856	240
2564	881
5279	533
1611	704
1558	490
3667	933
7715	396
4206	171
1053	141
8957	946
2531	578
1288	962
6089	368
7894	918
9103	579
8444	556
1172	329
3970	328
3040	408
8921	181
6602	424
9858	52
8385	77
1949	804
2233	244
3152	736
9803	235
7684	552
8369	710
2277	776
8806	853
6589	760
4278	193
9087	568
8037	585
6849	742
3211	749
6070	812
3935	238
5657	692
6569	914
3223	488
6382	687
3141	398
4978	69
7724	709
8376	688
6425	735
5678	337
4269	637
3566	896
2986	785
3370	994
8326	219
6128	784
3018	126
9723	747
5998	861
2058	919
2125	809
4514	667
6259	448
4280	725
5102	9
1563	12
1273	455
8334	141
5010	975
5806	970
8422	199
8669	928
9136	973
8326	619
2809	997
1394	958
8896	277
1836	990
1029	739
9215	821
7214	728
1563	359
2655	767
4818	25
2714	934
6387	424
6035	54
8735	181
6303	154
7521	639
6838	342
3943	131
4381	841
4926	449
8202	763
1168	673
4652	720
5294	273
8863	227
6308	176
8155	234
8597	398
4298	912
4842	8
3224	817
2330	692
7022	506
3532	990
8761	779
4950	154
5389	27
5574	303
7653	951
1918	938
7186	367
3557	736
3927	465
8173	710
8541	23
5982	841
2683	846
3466	688
5975	639
3861	998
1384	430
8431	639
8903	270
8009	507
8110	860
7183	202
3716	88
6427	903
7011	386
2613	340
6326	320
6309	206
1424	628
1499	180
3164	26
5427	423
2093	730
1735	474
3490	503
2775	905
7712	543
9014	365
7760	792
9403	959
4366	300
7456	112
6904	596
7721	356
4738	925
5014	993
1702	228
1311	45
5183	294
4347	737
4629	917
5931	505
3306	939
9583	568
6646	599
4110	970
6836	558
5654	746
8934	226
5070	148
9007	876
4683	263
7364	77
8725	224
1749	91
9948	223
1698	874
2777	856
5825	427
7492	135
5021	758
7038	338
2059	129
6742	768
4764	855
7183	704
5850	528
5473	438
5821	131
5414	983
8492	935
8682	862
9029	117
9309	239
1842	541
6193	197
4660	989
1044	65
3921	77
7126	278
9354	355
7197	442
8639	981
9980	589
7111	529
5015	836
3924	227
6243	756
8135	175
8188	28
9370	717
5395	694
7054	595
7088	781
8645	908
5549	501
5400	897
2957	746
2265	313
2737	135
9807	498
2557	360
7494	961
6207	904
9584	325
1553	479
1503	492
1002	556
7709	204
5210	794
3702	546
3147	893
2381	579
9239	622
8240	456
8545	10
6482	393
4015	37
2072	962
4556	968
7046	526
9235	955
4480	205
8391	850
6754	481
6479	4
3448	374
2226	121
1876	220
3204	473
9536	936
2124	862
4691	365
4979	813
6359	101
9598	35
9503	346
8569	839
2575	808
7099	754
9345	340
1193	332
8218	499
9789	901
6110	94
4154	727
9886	229
7608	451
1516	821
1150	954
7429	688
7744	830
4309	886
8167	101
8055	97
5918	409
6423	317
4434	163
7421	594
7039	311
4321	629
8429	177
6830	300
8050	203
4093	175
9975	522
8257	250
3212	988
8376	246
6923	337
1777	604
2197	79
3407	559
6549	350
6258	52
8953	982
3496	952
4620	464
4847	633
5282	932
6071	176
7573	656
5341	68
3483	169
4018	552
9209	685
3967	319
4296	837
1308	638
9269	995
3588	279
1879	835
3253	848
7589	953
8095	365
4876	56
7347	422
4562	198
2718	505
4295	499
5116	162
2260	978
3219	112
3978	653
9537	744
3865	507
5373	44
3734	289
9649	764
2993	292
8350	85
9318	137
2019	858
7210	274
6481	462
5397	809
8141	473
1025	35
3023	851
5384	660
9513	26
8486	399
5958	111
9521	783
3208	400
8097	188
1398	831
7243	896
9768	674
7587	481
3528	715
2884	42
5862	71
6209	609
4773	72
1152	46
2473	548
3843	70
8443	276
1173	706
1752	337
6383	874
9532	478
9759	261
7492	676
1194	34
8366	56
4771	97
3530	558
6888	384
9741	330
8963	820
1158	188
5707	532
3423	54
9190	42
3715	424
1129	153
1909	507
6969	945
5221	757
2429	149
9129	352
3144	483
6773	194
6979	918
9478	271
6549	662
4443	321
5726	350
1786	992
6535	42
3655	936
8295	298
1227	529
7870	685
4206	583
5819	182
1341	660
2369	612
1407	295
2309	100
4724	419
1822	820
7564	160
6481	838
7543	516
8786	95
1075	951
7696	8
7615	726
9604	277
2641	639
3230	855
2385	419
4387	440
9972	454
5912	743
3504	120
7407	357
1776	922
9164	942
4987	141
8696	975
3777	23
6081	551
1698	578
4480	351
8377	121
7839	190
1169	978
9477	662
6973	242
8285	826
9957	432
6472	796
6321	640
9443	813
3135	377
7155	219
9963	110
4377	296
3434	785
8896	332
7056	865
4535	973
8809	457
6188	898
3438	764
5471	400
6140	534
6844	482
5565	3
6178	573
7806	755
5336	226
4897	906
9869	877
3088	786
3350	935
8466	129
9752	145
5236	699
5124	114
4974	491
7163	309
6281	340
1523	798
5747	610
3596	770
1373	954
7422	51
7286	615
9275	364
8418	596
3061	831
3956	335
1477	289
1833	415
2728	145
6132	485
2794	646
8172	811
8228	261
4692	298
1728	667
3378	266
8086	134
4786	258
9312	965
3773	246
1803	505
8784	210
2693	925
3302	792
9344	829
5411	165
9223	460
9088	476
4046	141
1571	961
4668	956
7483	40
5963	123
7493	135
3775	191
9275	527
8673	691
6323	578
8963	633
6279	673
7894	916
1254	710
1548	480
2533	640
2377	504
9695	857
7399	847
4183	226
3359	168
1873	278
5449	952
9946	252
5373	281
1463	46
2018	441
6463	958
7017	236
8290	41
8509	480
2551	122
3823	573
4491	525
1401	207
5774	696
4041	925
8122	371
9546	664
4773	206
9811	284
5146	401
7034	937
3017	666
3890	539
6948	328
5895	962
8805	53
1571	712
8019	990
5317	426
2362	501
4519	738
1383	948
2754	788
1134	131
2351	247
6390	691
1970	72
4779	395
8792	514
4800	899
2306	828
8234	832
2628	310
5104	780
2665	780
5733	561
8305	977
2679	187
7509	832
3234	680
4123	286
2182	404
2467	399
8947	683
2411	758
1613	145
5526	407
2752	821
7276	107
4472	175
7235	398
1310	904
7149	902
4635	160
4385	139
6148	661
1552	885
3313	674
5203	609
6206	623
8288	702
1491	355
3277	65
1144	717
3635	952
9394	936
7780	434
2582	202
6285	531
4549	43
8634	893
3311	25
1119	713
7503	562
1097	22
1135	883
1712	449
8277	460
8619	511
2721	108
3777	199
2190	24
4116	855
2286	205
6317	837
3525	519
5221	539
3229	785
5714	11
4540	409
5412	177
9193	98
8336	79
9034	616
8447	303
4664	881
3830	438
2671	99
5247	549
7531	669
9277	829
7013	447
9274	856
1768	985
5192	695
6451	287
6292	934
7732	677
7759	143
3792	178
4564	326
5550	895
9763	482
5794	341
2538	514
4427	79
5365	21
2040	435
1801	575
1867	492
3139	605
5579	402
5163	908
9124	986
3489	295
2867	731
7928	617
2688	682
4144	314
2062	516
4161	231
1301	847
9923	810
1492	496
7513	802
4378	989
9003	977
2484	232
8649	167
8751	40
5747	577
7158	30
3481	61
6251	127
2544	959
2058	636
9469	883
6149	317
9005	49
3780	290
6930	748
2644	407
2416	140
5098	180
6180	501
1928	815
3709	415
5602	892
4956	48
5956	29
1618	611
9133	810
5109	931
5708	101
8543	661
1130	54
6503	433
6911	673
2724	405
4311	90
6459	752
3375	200
4289	255
1013	780
2228	888
9466	432
4300	428
5006	573
3246	760
2192	10
8333	596
5066	634
6325	132
5176	700
4255	138
5711	92
8480	578
1991	156
3401	565
1829	99
2798	586
6586	93
5708	357
8526	235
4110	204
6315	505
5806	571
4503	318
5906	781
7114	244
3200	587
6557	388
5081	562
4446	877
6036	227
1065	16
2911	198
3249	161
7280	270
8391	257
5066	656
6575	862
9992	484
5806	690
1946	279
2519	586
7568	842
7883	34
3506	374
7305	312
9692	697
9702	807
2403	833
9166	503
9181	340
4658	117
7588	593
9493	757
4799	866
8155	930
2414	81
1726	804
5948	141
8027	124
6554	469
3466	828
4742	736
6220	63
9204	848
1154	262
4093	12
8714	516
9979	235
1546	707
5312	267
4001	594
8007	636
7381	480
1781	990
7398	987
1854	773
3346	548
7874	441
2849	725
9324	703
2960	330
9972	251
3742	947
1085	860
5972	807
6860	449
4306	116
2768	420
8630	479
8169	754
2607	326
4802	694
5655	139
5940	142
5745	916
9794	549
6346	635
6802	861
9517	532
8503	12
2014	767
1859	709
4754	130
6059	176
9365	55
9266	735
5262	879
8894	830
8398	949
9486	227
7460	872
1252	18
7990	174
1062	317
1794	685
8790	843
3800	41
3561	995
5269	626
8378	796
8405	332
1045	736
4574	730
3800	922
7478	408
5542	755
1898	171
4168	55
2342	357
8942	547
1762	809
9308	267
9427	390
2467	595
2284	858
2564	751
7375	227
8936	524
2108	826
5193	514
6403	360
1387	716
4601	814
4704	197
4591	868
9199	610
8621	985
8580	465
5304	461
4079	228
9335	630
1559	229
5137	288
5504	401
3075	330
7577	118
9579	651
5541	461
2732	738
2085	604
1184	662
7753	187
4250	70
6673	963
9524	405
7631	553
8543	401
6138	320
7601	951
5634	341
5204	583
3664	808
2409	736
2153	474
2164	45
5306	374
9114	499
1677	993
9006	519
9088	899
3405	400
9726	569
4916	900
8215	917
7633	38
1288	15
4616	783
5261	780
3993	723
3338	142
4621	907
1699	199
5712	602
9060	927
9185	995
1497	861
2273	925
2015	651
4400	623
2990	836
2037	873
6989	191
1593	903
3954	652
3283	454
4750	30
2165	553
5833	92
9409	487
2245	172
2571	711
1786	578
8138	508
2084	916
4611	930
2953	949
9279	828
8586	515
3349	647
8561	854
1646	396
2980	478
3375	692
3343	934
8232	737
1002	912
7225	998
5788	658
7107	493
2736	455
2430	761
3556	858
7069	262
8351	192
6626	218
7249	817
4436	107
4436	565
9105	768
6299	400
4138	461
1986	380
9707	211
1799	735
2390	977
1362	162
5545	626
8640	216
7327	990
3737	540
2747	211
6923	302
4773	828
5845	103
8042	70
8946	486
1973	356
8535	341
6203	591
8920	633
9047	853
3170	922
5898	31
7892	993
5430	900
6098	493
1307	442
9267	679
8752	441
7251	300
8260	423
8892	726
6778	509
4970	870
5004	890
9699	279
6512	511
8731	290
7318	600
6668	196
2615	647
8048	754
3934	451
3906	300
7324	890
5819	379
9061	513
2256	291
2087	636
8991	658
9257	437
9396	647
5217	170
2671	886
3354	810
2014	108
4387	813
3420	604
8882	807
7558	876
1561	256
7925	911
1517	658
2456	522
4514	19
4071	716
4823	921
3348	678
9911	608
3276	601
3443	129
7811	190
5368	104
7889	96
1218	890
7471	929
9084	619
1260	323
7800	761
3277	302
6106	263
6146	416
1924	270
9713	518
3629	276
8647	389
5818	809
5855	162
6681	623
1395	188
6386	304
9461	71
5957	306
8959	886
9610	395
9599	80
8799	589
2275	277
1252	322
9310	842
1375	733
7896	340
2765	420
3881	793
3755	970
4210	330
4617	82
9688	240
3915	222
6386	522
2818	721
4632	848
6214	121
9369	640
7100	293
1639	484
6447	899
6432	848
7819	129
5426	475
1842	391
2995	278
9727	913
6087	644
3785	909
7413	177
2778	933
9693	534
5489	273
8959	757
7321	700
7898	366
5290	191
4721	844
9757	974
8112	753
6383	16
1052	984
3607	596
8218	740
4850	328
2952	647
8951	557
3786	871
1394	650
4524	416
6304	878
3975	619
6673	285
9657	147
7140	929
6681	90
9712	223
2632	29
1964	196
3403	535
1053	685
1415	996
8117	937
2354	799
1942	141
6454	481
8149	17
1294	438
7794	907
9561	141
3306	536
6160	577
7321	683
5825	710
8261	755
7159	361
7113	480
1718	155
6911	777
3796	156
6247	598
2310	924
3597	722
3324	628
4639	72
9498	878
1154	286
5826	826
4383	751
1655	254
9105	482
7490	946
2810	346
2048	94
5105	224
6382	538
3705	131
3773	68
4794	608
4518	443
8685	223
4135	986
4467	974
9349	685
1998	530
9099	908
9278	271
4877	268
1374	866
1922	173
4817	730
1557	900
1772	127
7109	856
6027	821
6507	115
9495	690
8260	539
1799	529
4984	104
5947	448
6106	690
9490	264
7685	519
1650	702
9051	874
9319	84
6788	401
9940	254
2149	953
7732	99
3882	132
9904	613
8914	464
5567	804
5556	812
6416	961
1605	487
4761	426
4404	692
8133	697
7361	634
4408	720
1518	725
4089	866
3920	680
3929	335
8492	598
9925	578
1661	376
8660	617
3880	836
3747	709
2368	201
6368	493
6956	945
7604	844
4509	209
5993	711
5349	45
2775	423
4886	100
6575	854
3329	872
8297	504
2472	602
8665	213
3903	474
5439	973
7882	513
3799	77
6519	684
5764	50
1737	604
9681	948
7938	365
9491	741
6163	144
7720	744
5264	623
7908	9
4567	645
4277	517
5539	603
5960	334
9432	222
5593	239
6226	56
4735	701
1681	92
5559	134
7335	226
7268	188
8613	946
8952	729
4926	66
5773	186
9899	403
3763	751
4253	770
1712	52
3051	330
2402	308
9162	796
6938	966
8613	493
4854	666
4743	241
3264	752
8034	762
8628	710
6818	309
1786	197
9591	572
9797	410
4390	914
3506	941
2272	512
3025	922
9359	144
3427	651
8498	978
3428	833
3619	241
6067	78
4173	312
2544	111
9807	839
1283	744
4495	889
3641	916
5429	492
7117	767
7639	429
9686	945
3531	578
4557	487
3625	446
3409	796
9264	954
2325	368
9155	209
1206	604
2162	908
7271	884
3812	961
8097	912
9658	70
2877	979
1872	289
8954	415
4318	110
3555	770
4506	580
7726	886
9953	130
8715	685
7486	434
9802	629
2948	860
8128	465
2740	201
8480	869
4102	841
1831	275
3263	273
5238	60
2345	561
3742	625
2799	286
4778	171
6326	16
3270	281
2395	744
7908	841
5263	512
4706	902
6114	95
9575	455
4390	311
8384	175
6590	336
8665	223
7417	662
7760	469
2679	48
7974	70
4274	757
6016	536
5005	761
4030	8
3785	364
7721	684
2308	328
6637	181
2287	717
1892	62
6024	785
6476	193
7086	212
3370	852
5967	674
6000	214
9652	739
9411	941
8161	789
4630	231
9088	730
7192	510
3821	726
6288	295
4347	652
5043	272
9116	447
3145	505
1267	158
4253	176
7005	161
1647	700
4445	41
1705	818
2816	674
9420	688
5162	36
1380	111
3518	0
3811	934
7714	922
4492	725
5510	747
5236	824
2436	764
3542	77
9205	988
3106	892
2014	950
6755	108
4373	498
1985	314
2888	796
8819	722
7154	200
9114	385
2131	207
9708	794
1352	726
1307	964
1603	328
2753	321
2488	123
4468	955
6463	498
5581	486
9581	759
4314	199
9627	400
3517	70
8350	477
1436	120
4440	363
8027	133
3537	82
9466	383
2825	85
4583	331
4319	225
8891	157
2280	723
2881	904
4144	950
3921	119
4613	266
1539	477
4939	993
4258	998
8078	233
9096	395
9457	609
4682	491
4261	225
2350	246
1915	226
8614	623
8681	850
3915	506
8909	87
7518	499
3678	971
7919	814
5359	838
1297	690
6685	481
6955	103
5982	282
5105	347
1133	609
1338	663
2622	908
1608	550
7786	188
9724	179
8478	952
8946	587
5857	244
7297	57
1481	981
6563	862
4913	121
4104	513
2989	245
5954	794
9884	268
5892	543
1934	415
7253	904
8375	64
5234	912
2550	187
2409	275
2917	451
3090	321
4586	205
1282	116
2571	660
1629	434
1176	122
2722	988
2429	54
1452	898
5430	663
1770	582
7374	167
3856	549
7556	151
7348	375
7962	244
4325	444
4950	142
2362	63
1707	944
8348	125
7648	888
1520	305
3753	145
6316	693
7601	212
8294	40
2206	362
7206	112
7876	265
1020	238
8423	592
7051	269
9541	155
6324	307
3543	992
4618	991
2500	844
1530	565
2188	148
5886	586
7880	981
4840	512
2950	166
4485	347
2373	894
1080	973
3130	800
2463	973
2029	306
7121	209
8541	616
1973	268
3832	960
5442	259
5658	645
6128	86
7558	713
7321	795
8404	145
7480	310
5706	663
8599	883
6200	805
4296	653
7882	847
5877	889
8264	344
9140	251
4031	996
7973	183
7101	352
5788	194
6933	262
7520	914
7077	91
6501	83
2799	401
1748	198
5025	267
5667	656
6399	657
2364	905
9075	840
5158	322
7484	3
7218	777
7059	579
4681	402
3572	623
9792	367
5687	482
1337	873
3586	291
2378	789
7939	176
5566	673
9150	399
6562	365
6131	713
5740	924
6941	251
4486	234
6347	219
5547	797
4210	341
9166	78
3985	466
4741	64
2126	819
8425	650
6975	60
8369	218
7765	402
9273	220
7235	392
2653	135
3569	439
3106	128
2982	205
4767	423
3105	687
2861	109
7548	811
6542	805
2792	810
7940	955
9260	880
6713	853
4230	676
7755	775
4403	918
7660	780
1166	541
6970	573
6736	566
8113	454
2591	911
5211	73
4535	869
2355	96
8445	860
5163	276
4573	677
4140	241
2919	244
5392	864
2027	103
2609	468
7461	268
3141	73
5531	54
6731	906
5588	672
5775	146
9117	611
6048	405
8449	279
1143	106
3195	634
9667	655
1056	571
1604	377
1316	392
6424	156
7124	793
9111	923
9471	749
3711	753
6969	447
4936	569
9809	693
5073	205
4721	948
7583	404
2608	253
4926	702
6817	116
2983	204
5475	604
7564	460
6156	469
3031	545
8384	637
7069	73
3549	581
9001	698
4385	588
8219	226
1163	861
8039	430
2286	847
8955	744
4297	287
2173	900
2181	799
7559	83
2266	873
5475	363
2572	403
3929	897
8211	219
8342	419
9312	391
8924	45
4851	378
2743	34
4352	424
3265	230
9192	39
8617	495
9944	193
5632	256
2145	14
2945	399
8752	650
1093	223
2871	844
8570	812
4119	814
6200	842
7196	297
8218	665
2223	835
7641	326
9020	848
4259	58
8686	228
8487	376
1664	193
7833	731
6049	957
7744	462
8708	590
4847	349
9368	102
7384	580
4180	917
7149	212
8997	990
8433	20
6596	77
9859	21
7419	128
1140	309
1078	577
2625	416
3451	806
5963	510
8616	47
9854	258
2662	464
1624	289
1286	460
9278	374
1820	95
8284	262
3945	596
9777	845
1232	618
3330	557
2154	244
7356	74
7881	183
6459	417
8497	798
9411	113
8049	229
6098	338
8277	371
7491	914
6506	350
3080	953
2034	674
1755	735
2802	648
1795	560
8989	572
8793	35
5318	622
2829	672
9314	273
3671	441
8308	750
2223	66
6595	623
4396	816
8575	82
4473	848
4179	454
6264	47
8313	781
2869	51
1464	105
1100	675
8199	105
8327	861
8874	634
2277	717
2599	288
6180	712
5698	264
1273	800
9535	419
2658	261
5370	303
9593	143
1137	334
9320	639
9084	383
6420	784
6730	197
8148	827
3669	581
4332	378
3321	44
7348	540
2394	482
9766	609
7438	784
9665	995
6298	888
3946	307
9515	720
6757	221
7099	818
3503	974
8924	409
6410	673
6204	944
9783	952
6669	604
9691	883
2008	122
4870	669
9350	618
2637	615
3266	762
5748	319
4444	325
3285	519
4445	434
4581	346
4095	731
9048	497
9399	634
4659	805
6765	33
2996	196
4946	609
3411	516
3501	195
4459	235
5869	539
2315	510
6111	593
6638	852
4694	629
6182	690
8765	650
8126	382
4826	671
1402	32
9383	361
7702	911
7362	551
4650	76
7915	116
5176	351
6541	417
6149	81
6045	708
5762	475
8315	252
4423	99
9874	86
9370	540
8008	813
4226	918
1060	515
8884	845
4658	859
6498	443
3195	907
4336	416
9699	96
2925	165
5996	744
1581	207
4445	595
8893	468
5687	826
7879	756
6365	493
9226	789
5066	370
9765	292
8536	474
6306	839
3599	602
1079	849
8126	151
9680	675
4314	300
9592	962
6972	545
1190	139
9420	371
4277	562
9750	569
9427	274
3213	911
4710	510
8903	331
8379	796
5835	399
1910	71
9173	89
9172	453
2877	927
3353	818
2911	433
7622	995
7924	37
6539	923
9056	269
1002	802
1191	920
2297	44
4250	173
2450	904
9297	307
1422	936
3739	550
7755	851
4959	545
8081	320
7290	990
1251	80
8222	248
9707	171
5683	375
2169	494
2719	726
2435	517
1578	266
8483	745
3026	918
9219	881
9507	253
2995	598
8690	883
2113	453
4008	998
9241	580
3978	901
1533	568
1591	526
9560	843
7284	106
4449	567
8449	41
2714	214
7909	596
9081	77
8392	957
8139	963
3417	562
8046	128
9082	610
7294	408
1739	404
4790	943
7871	960
7973	527
7545	358
9753	731
6323	564
3365	222
1309	834
4609	24
1846	18
1850	125
4034	693
6167	827
9644	370
4963	283
1427	99
9095	200
7060	295
6089	134
6312	911
1553	139
1820	332
7128	46
8245	325
4956	116
2824	852
9709	574
4265	288
9158	554
6405	383
5891	765
4480	654
2580	141
3181	683
9182	749
9806	402
3908	851
3104	479
3076	991
3078	886
9116	30
3460	382
3500	447
8197	879
3649	161
3932	907
6057	826
6054	784
4115	752
6059	162
1883	668
3740	14
6454	59
3180	34
8259	380
7598	476
7520	614
3817	775
4338	510
7698	378
1265	346
3706	197
6741	712
2386	894
7743	560
4485	366
8776	601
7766	913
5512	289
8141	535
9273	166
5048	187
6859	165
6795	271
8745	919
2692	194
2783	899
8676	643
1156	272
8642	631
4462	515
5843	500
7844	660
9838	362
8180	213
2751	914
1544	772
2207	499
8231	893
4582	980
6345	225
1255	539
4036	371
9192	762
2879	788
3535	137
8616	343
5925	646
8430	299
6442	140
1651	620
5859	542
5626	35
6119	730
7871	791
4433	78
6190	239
9357	822
6938	467
1495	567
4371	737
9149	699
6551	929
1000	641
6944	944
3463	774
9753	623
5977	56
4273	106
2764	263
7010	95
9142	943
8341	382
5921	290
3912	16
5153	78
3072	601
9418	17
8077	647
3272	38
8286	689
9960	638
5149	890
7211	767
4258	931
7176	517
7054	691
7972	623
1052	461
5822	995
4541	276
8163	307
8288	748
3732	778
2663	762
9776	457
8740	621
9338	122
5177	707
8267	264
4444	926
7377	81
1937	638
1231	48
2414	251
1712	384
4735	574
9255	762
3832	820
2973	417
2367	696
9280	971
9564	408
7707	196
6882	346
9559	665
7386	832
5104	930
2934	730
5933	122
3772	591
9717	201
4488	881
9362	762
7263	837
2901	44
5163	867
3142	125
9259	367
4613	253
5964	321
2725	665
4565	211
7604	237
7635	384
3371	551
3878	724
1262	230
7824	83
5542	97
2341	640
2376	442
1153	837
3752	798
1363	551
9657	981
7022	265
5469	206
1754	954
9024	968
9593	841
8807	668
7550	661
5035	36
1387	944
1931	911
9309	646
6224	435
6935	595
2561	257
4628	156
7762	310
6056	851
6266	27
8363	48
6268	687
3804	588
2920	191
7713	809
8515	109
4419	531
3571	385
9379	829
7355	788
2906	520
9627	255
5057	119
9312	619
3617	411
8325	282
4663	298
7911	822
2315	823
1342	886
1085	540
5146	50
7708	806
1449	26
6764	798
7389	394
8571	364
1135	92
8284	947
2242	624
3413	872
6233	285
7533	673
1165	399
6809	650
9004	550
7234	34
5327	696
3499	636
4413	618
9359	966
4521	130
4315	313
6282	968
6291	203
4925	319
5168	616
1309	150
6270	215
3984	395
8932	718
8448	685
3915	936
7344	559
2146	254
6425	105
6144	219
6100	1
5068	141
2400	427
6380	878
6562	192
2960	229
3490	955
5684	285
7272	467
7070	947
5149	108
7134	529
7273	850
7381	982
5595	383
8221	10
2317	810
8863	633
8033	801
4494	895
6229	835
4184	991
7903	559
7460	875
3473	43
6452	599
8426	621
7738	430
6496	416
3940	410
9339	520
8388	170
8470	664
7815	793
8555	563
9515	244
2396	489
2364	198
6554	248
4480	879
9433	938
4628	104
6506	246
5467	634
4468	668
1896	82
6251	733
5795	62
1714	433
4365	687
2224	530
8865	925
5299	120
1303	169
7614	873
4296	664
9581	458
3617	458
3530	723
1174	966
6247	879
9348	120
6008	277
4139	515
2019	395
7463	387
6164	884
5952	584
9967	12
4565	806
4592	321
5619	70
6135	921
1444	452
4703	50
6466	769
2147	646
6345	425
6801	111
2430	130
9048	907
3545	116
2781	414
7282	635
6412	646
5660	719
7019	877
1745	754
7586	756
7512	401
9451	803
4768	799
3944	99
2045	637
5084	721
9706	24
3022	51
1184	691
5515	182
4744	178
1791	336
4160	92
6333	462
5365	436
8644	926
7217	838
4320	41
9049	220
2684	236
7840	161
2600	152
6063	952
3382	759
3604	68
3758	317
9863	957
6933	246
2759	952
1777	71
4373	86
6921	144
7308	703
3564	508
1752	199
9466	348
3866	481
7487	983
2728	766
1598	57
9885	353
5423	988
6127	505
4794	358
4854	356
4556	207
9973	851
7217	186
3008	91
9486	746
4195	681
7681	140
8365	41
9862	362
5010	831
9842	916
1537	938
5900	798
7825	255
3475	35
9603	667
8918	42
6212	667
1470	722
6880	844
4870	598
5699	182
2652	320
6537	304
2628	559
1751	538
6321	625
9885	889
8988	19
9099	607
3435	729
7117	606
6773	708
8492	246
3048	312
7196	274
9002	639
6781	395
8421	493
8789	783
3062	357
1473	675
1724	789
6412	316
6858	842
2541	387
6208	379
4164	554
7707	836
3147	325
1043	420
4101	591
7049	198
4058	240
9889	583
9809	375
2782	446
3289	851
3545	380
8654	762
1147	548
4668	177
5978	426
2788	795
3150	448
9451	543
5033	986
6161	578
7193	798
2442	172
5191	308
3855	404
6979	671
4808	944
9076	445
1553	906
8697	651
9606	652
3956	138
3673	621
7197	423
5818	57
5137	156
6770	297
4190	448
9363	196
3237	118
6574	538
1669	293
8911	676
1008	247
6692	256
3213	670
8199	782
6373	468
6170	916
4613	772
8604	725
5335	993
8673	292
2851	886
6082	837
5623	166
2640	545
6678	389
2929	570
7323	422
7313	293
2733	367
6926	852
1038	873
5036	517
7016	739
2976	936
9659	567
2909	506
1429	666
3825	663
3722	748
4990	259
2315	706
4571	881
4427	327
5371	273
5005	394
8511	186
5878	55
1635	638
6108	100
5255	914
6681	58
4379	195
2135	682
8448	776
6792	938
6405	153
2003	249
1562	116
7049	106
6621	483
7586	608
7203	855
3729	723
7669	734
4024	169
3219	185
4316	652
7438	579
8563	63
6718	761
1497	191
8206	598
8233	132
5989	393
2483	823
4777	387
6589	152
5935	562
4421	859
6719	620
9772	570
7890	809
6915	498
2717	628
8446	591
5596	248
6846	954
5865	665
1660	441
7880	355
3703	349
3001	561
5382	414
9363	188
5508	52
5956	975
6656	114
4898	860
1070	946
1455	2
5771	336
3860	139
4468	706
3159	969
1334	962
7838	756
1222	500
4301	654
2948	226
3448	413
6187	591
2219	343
4262	968
1789	633
7916	743
2702	636
5594	730
2075	35
1814	741
3283	503
1491	637
4600	376
3380	152
2568	108
6476	932
8227	319
4944	763
1894	208
2432	167
3026	924
4209	877
1092	438
9270	50
2499	694
6824	136
7035	408
4810	808
1036	302
3480	277
8238	921
6121	399
4056	967
2716	91
7807	440
2018	339
5199	898
3076	18
7030	885
7189	161
3997	585
8542	835
8951	682
7355	700
3924	885
8825	913
9687	458
1635	969
9532	548
6135	670
4296	436
4514	485
3141	65
1161	886
1494	310
8792	820
2528	345
4021	264
1625	672
8732	946
3638	105
2301	364
5968	960
5242	640
9767	547
5065	44
5763	653
2308	395
3917	114
7867	22
8694	27
9980	535
3364	590
2487	631
2406	214
5736	695
3035	633
9349	964
7858	824
2560	92
6586	260
7178	154
3443	10
4140	25
9288	303
7969	370
7976	944
8806	3
5422	578
8129	263
2749	929
4035	349
7580	489
2591	623
6964	423
6580	663
1609	706
2272	288
5999	985
7120	656
5077	448
4466	496
6336	116
1852	254
6099	427
4088	707
4021	860
8251	453
9171	243
1878	479
8309	71
1332	532
6534	765
5831	959
2601	552
7640	833
5763	144
8953	945
9672	505
3389	973
7984	845
1913	24
8175	604
7168	529
8525	408
7576	828
2314	442
6934	727
7730	583
8203	125
3877	920
2734	255
4724	346
7036	597
3567	295
9658	474
8507	942
3001	763
2972	431
5635	24
4408	164
3236	392
8211	210
3405	773
5795	654
4380	576
7689	244
3309	809
4149	554
1753	599
5227	326
4678	947
3688	696
6888	650
3300	828
7595	995
1714	727
4267	320
4774	798
3156	266
6036	361
3139	326
4827	407
4310	909
6350	457
7723	924
2643	7
1224	506
9464	709
1650	947
4471	349
8187	481
5583	733
6766	296
2382	336
2984	149
6409	389
2114	770
8044	140
6360	992
7449	53
3496	656
8393	632
9575	276
2718	485
6891	571
5707	745
2719	930
5541	390
9744	684
6730	241
6566	38
3200	27
1917	196
3055	645
5961	323
9605	859
4858	476
4019	182
1024	838
5890	50
4531	351
5117	686
8669	591
7775	49
1158	20
3183	782
2373	61
4484	749
8489	550
1611	49
3214	378
4139	757
7810	352
6714	326
1929	714
8649	259
2343	783
7993	199
4150	553
2149	400
7131	872
5003	210
1185	979
5103	351
5720	233
1285	132
3855	831
7795	824
5266	469
6132	400
9709	21
8698	147
8111	821
7555	31
2538	724
3489	472
9696	541
6563	239
2548	699
1815	103
1182	130
2259	819
9586	424
4573	248
5275	577
9048	105
5721	731
4558	575
9054	515
4732	608
5695	547
8914	712
7737	191
1023	291
9319	593
8645	519
1537	135
6192	144
7067	591
5223	606
8767	232
3651	943
5784	808
5957	912
9444	925
3896	251
3843	990
9553	248
4037	396
4156	171
1013	877
9465	450
8165	292
4973	996
8900	957
2638	147
7659	252
8018	348
8477	984
3668	764
1409	557
3528	213
9300	51
3136	275
8090	62
8013	206
8494	766
7894	474
1699	223
9508	331
9094	97
9020	832
7038	939
7129	424
2731	165
9159	963
2342	580
3208	657
1659	916
9823	97
5286	896
6017	569
5810	557
6974	70
2642	265
1071	782
3120	418
2854	768
1773	534
6605	746
9756	692
4911	804
4362	848
4168	443
9313	384
1877	380
7157	735
4286	568
8098	625
8025	759
8926	757
5697	184
3729	89
7387	104
8817	889
4826	500
8979	962
8387	470
8605	492
4862	344
2800	951
8041	530
9211	740
2086	576
7602	433
8223	474
2712	689
2059	854
1464	903
9283	233
2190	521
1731	775
9544	630
3941	234
1089	718
8411	554
6988	953
2335	26
1279	73
7467	881
2936	447
5814	68
2107	495
1294	550
6328	779
9008	641
2325	551
6477	509
8175	646
7008	815
8415	837
7362	52
4578	109
6739	379
8243	680
1611	343
3318	916
6358	943
5540	304
8172	681
7358	946
9152	483
1399	372
5313	416
8018	666
9006	357
2971	12
2939	178
3992	457
2690	388
9278	374
2627	349
2881	654
5333	498
6752	940
4334	169
4136	61
4479	369
2994	22
9600	924
4050	53
2799	341
2859	192
4653	651
8769	900
4666	308
5148	344
7566	213
1393	754
4097	196
7281	440
7163	302
2902	47
2809	945
3797	289
7302	114
8507	529
8856	539
9254	534
9265	80
1024	355
2711	68
8352	444
1273	626
9650	68
7073	801
5122	15
9285	736
8086	532
3234	675
6872	401
1887	631
9689	100
2497	493
1473	836
6123	54
2528	928
2500	767
8154	46
6433	274
5786	962
9757	119
5565	631
6443	696
1415	369
9659	97
7704	797
6520	821
5716	240
8225	483
5739	413
7278	782
8911	331
6685	706
5290	827
8270	159
3349	859
3279	127
2759	424
1972	96
6845	979
3052	14
3051	411
4537	281
5145	272
9341	526
5902	207
7293	537
2343	664
9280	28
7457	783
7762	575
4341	963
1271	952
9816	119
7487	386
4642	579
7159	511
8068	375
2843	923
9313	519
2803	316
4019	978
6009	230
9270	375
5382	499
8171	479
5830	787
6792	593
8655	239
1816	334
5400	853
3544	372
4664	402
5630	808
1333	270
4002	17
5935	980
1785	659
9483	878
2533	716
4525	665
2193	503
1714	239
3280	584
7376	158
2879	322
9630	945
1273	119
8911	804
6968	793
1049	32
7743	877
2579	701
5288	597
3094	219
9087	3
4245	47
4093	18
5081	118
4767	403
9088	535
5197	802
3621	223
4775	304
5768	370
1227	887
9224	405
4217	771
9356	172
1511	402
8527	770
7366	792
6584	579
8018	478
7407	995
6082	819
8831	563
9692	973
4565	458
9032	664
6779	889
5610	518
1439	494
1240	224
6463	339
5581	244
5647	379
5783	85
9639	142
5510	704
8912	850
6753	159
8991	559
9467	963
5087	333
9435	209
3707	200
2966	392
9285	640
1023	259
4523	836
2823	650
2907	567
9150	551
2600	358
8339	458
8850	485
8884	680
1967	968
4012	106
1514	434
5993	590
5279	74
6683	114
5628	186
4933	32
9658	48
1184	420
6261	67
8620	588
9238	293
7209	342
9980	808
9270	407
8949	619
3219	991
4733	18
7123	324
8782	682
6411	252
6265	888
7876	862
2927	525
5654	845
3304	245
9859	246
7603	39
9793	914
1400	219
9825	177
6671	678
9694	802
7809	259
4852	456
5507	847
8795	225
1366	66
6999	536
2860	430
9592	801
3921	848
5741	482
6541	443
2061	392
7141	47
3253	436
2473	969
1391	728
3450	721
9687	156
5590	648
5413	854
8553	816
1814	845
2192	143
2600	164
8403	496
5073	179
6000	839
8428	488
5150	966
1147	679
5913	700
9130	949
6912	893
2250	216
5445	574
7729	517
9169	865
5428	696
4908	211
1569	120
6512	36
9936	879
5178	646
6818	990
9648	440
9115	49
2340	458
3471	98
7949	403
6520	718
8580	420
8108	421
4897	745
8181	980
2834	311
3254	768
4305	816
7174	35
6116	74
4704	920
4393	771
5436	775
5206	991
3885	739
2405	719
7967	828
1840	246
8238	39
1387	655
1998	192
7607	714
6733	572
8226	300
5721	445
1393	68
7984	671
9345	551
8247	32
3784	38
6146	919
2453	479
8446	974
8754	387
6649	694
5652	552
2066	945
5597	859
2198	206
6857	590
6616	542
3179	986
4501	904
4436	651
8829	212
7703	890
4525	255
6566	371
3538	468
6585	751
2663	120
7524	513
8093	669
1175	558
5136	644
6994	579
9557	937
3483	343
9071	60
2835	552
5112	125
5079	79
7491	125
6667	141
5643	213
8623	584
6602	279
1611	328
4837	730
5468	127
5562	415
1400	47
8209	81
6314	897
9238	489
4435	174
3691	444
5773	975
1922	743
2018	358
4287	835
8058	29
5615	326
4372	21
1300	459
5604	306
9242	341
1225	109
5149	962
4637	195
8634	686
9109	322
2809	325
1892	70
3110	874
5165	835
7597	156
2770	861
1982	981
9564	297
9502	907
8073	590
9342	611
2830	522
9856	210
7713	20
5014	746
1889	176
4006	569
6232	751
2384	969
8719	378
9130	530
8095	61
3229	423
2634	682
5255	313
2489	160
8500	66
3560	922
3019	604
3493	838
3107	699
2245	0
9578	782
1555	142
2380	480
9650	857
7173	940
1237	587
3119	387
9885	32
2473	201
6789	814
9745	124
1077	625
3780	935
1543	17
7386	97
4306	360
9700	486
1204	823
1491	792
1807	692
3377	314
7991	123
8523	477
4591	413
5180	725
2907	418
7833	963
3946	207
2389	435
6070	466
6728	934
4370	500
4465	780
8123	812
6889	517
4898	340
1192	683
3582	376
5017	165
5203	749
8427	715
3090	503
3384	672
6146	697
5969	526
4581	567
9937	593
4308	31
9340	711
3089	126
5316	429
2337	903
7559	728
6295	757
9609	903
5454	558
2722	98
1122	498
9259	538
3304	790
2701	392
7139	816
7281	52
2855	511
8418	770
8779	413
9190	889
1708	578
2090	744
2272	17
7708	529
7474	821
3406	505
4499	270
3284	29
3411	195
9140	986
4108	728
4608	379
5862	364
2161	588
8927	245
4968	124
3097	367
5570	588
5129	907
3149	927
1613	531
9354	609
6084	207
2172	998
2722	692
5396	918
1971	742
8559	158
6006	465
9980	127
9647	721
2573	743
5986	341
9200	868
3106	577
9239	822
2628	163
6126	650
7754	519
9607	949
4597	5
8109	850
1592	692
1720	267
2080	134
4313	722
4499	234
1600	420
8325	590
7456	166
8359	368
4391	979
8733	726
7878	98
1948	672
6306	965
4536	122
3975	795
6835	793
5016	986
6153	706
3561	960
7446	294
7081	620
1075	560
9566	71
5537	400
6170	97
8891	646
8296	227
1607	788
6844	362
9172	575
8778	941
4217	125
9151	190
9513	765
1064	683
6177	666
9057	814
3532	777
1059	797
5241	331
9384	589
2522	118
8904	589
9191	26
5101	421
9316	613
3060	451
1453	819
2287	152
4340	7
6744	957
5439	638
3125	788
1352	375
3216	521
3970	36
2051	670
6791	632
9996	463
4694	939
5665	491
2856	151
5916	539
5757	825
4941	639
2591	33
7729	757
7865	736
1301	967
3961	517
6478	539
3001	481
2764	443
2595	938
4035	630
4028	254
2923	392
1312	86
5372	727
7336	452
1768	913
7177	796
5760	117
6267	459
3496	133
9730	873
5596	946
3247	869
9747	548
2291	708
6431	903
2628	555
4270	319
2275	731
7249	447
5463	798
9560	327
3106	526
4673	883
9434	28
8739	382
1586	629
1809	190
5793	624
9287	379
7251	116
7656	811
9134	907
3241	595
9403	703
3117	36
5159	674
6677	630
3931	85
3705	449
5100	676
2789	613
7379	40
7429	521
3133	131
2905	776
3381	560
3304	794
3224	609
1020	945
4949	291
5157	989
2500	792
8303	533
4291	255
1565	471
5881	219
7206	75
6586	694
5699	786
5022	457
9696	233
1756	681
4461	522
4125	584
5365	131
9361	293
4710	429
9488	255
6226	647
2052	543
3613	480
6683	367
3005	145
4457	424
5198	848
1756	306
9711	149
9502	46
2873	242
4180	342
7429	243
4405	299
8647	768
2612	995
6810	35
5612	213
2840	508
2286	122
9125	446
5109	458
6554	915
4193	92
5546	219
6745	198
3367	348
4797	679
9329	222
2837	122
2140	343
8640	199
1780	613
2260	930
5068	359
9562	173
4293	557
2998	415
8720	334
6094	267
8294	436
2307	34
4847	550
5966	884
4151	465
6581	813
8796	742
4644	871
7583	91
2677	861
8680	597
6019	658
4696	28
3760	678
2156	571
8366	626
6325	908
3246	22
7075	394
5465	836
4937	388
3153	762
7466	106
3478	418
5322	464
5787	747
9678	436
9834	407
7636	685
8954	209
2138	724
2049	844
3167	392
1910	598
4967	157
8880	922
5321	199
9285	858
4553	493
8024	954
2269	499
9674	717
2109	105
4923	465
9799	660
9222	476
6696	861
8049	857
9687	471
7965	249
3601	650
4275	242
9604	541
7378	703
8530	204
4184	557
4362	317
4083	903
6598	674
5253	479
5192	154
1435	248
4857	228
6971	408
5591	728
9390	803
8531	941
3696	723
4514	58
5129	47
1359	564
3195	363
7287	205
1019	875
5039	701
9223	310
1796	832
1076	956
9795	411
8859	8
2726	900
9159	695
7265	856
3807	418
1857	129
6859	789
1126	455
8937	708
4674	532
8879	811
5392	765
7198	935
3788	338
7134	187
3304	834
6165	750
5874	239
8978	989
8703	450
6579	383
5027	105
5441	118
2858	86
9568	150
2772	656
6895	969
4718	111
8329	537
1509	966
8947	69
8216	789
7824	229
6408	706
2245	771
4917	353
2973	661
1645	876
8807	109
2083	86
9352	856
6996	697
2713	662
5736	568
6539	28
5625	439
6073	561
2004	553
2481	582
4628	14
4285	100
1203	208
8450	779
6367	224
9646	115
2154	679
6198	621
6232	535
4154	30
7952	561
3926	944
1422	336
8742	736
6325	842
8752	416
7227	182
5137	393
5089	534
9903	303
9822	80
3675	763
8991	43
3717	577
6813	964
8665	247
8750	428
3051	745
2952	844
5594	226
5868	178
5439	979
5925	896
8353	280
1761	656
9976	6
8990	451
3148	758
7369	246
5320	805
1586	922
9067	650
2098	432
3136	504
3385	401
6077	489
2239	717
9891	291
4689	504
7678	551
6466	685
5012	726
2425	3
5714	363
5402	459
4382	853
9099	362
7225	522
4082	330
7255	149
9319	512
1003	852
2081	713
5806	134
9184	73
2376	899
7047	575
2087	147
8400	863
1023	258
4683	671
3066	999
8720	411
9989	659
4988	723
5873	345
7650	975
4415	64
7936	470
8564	270
4615	101
4757	773
1323	883
9700	447
7265	216
9376	148
9755	242
4919	285
3771	321
3694	376
6408	320
1072	314
5589	61
6745	304
9236	675
5901	26
8466	699
8559	245
1185	422
7926	673
4347	643
2056	450
4013	304
9819	128
7041	515
6087	643
6958	236
5361	578
1187	779
4135	412
4636	789
5658	333
4418	825
9722	774
7232	326
5315	191
6473	399
7893	598
4205	712
8484	891
6773	870
1742	283
2480	391
9153	826
4866	49
7836	33
8574	974
1334	226
4497	321
4258	153
6393	376
9704	482
4310	22
7260	600
3749	795
7543	68
5009	84
9211	757
8781	458
1745	243
2988	634
2689	65
3885	384
3986	165
5901	548
3233	495
4349	309
6581	442
7672	79
7472	274
3380	825
1154	804
7263	286
2232	132
9513	392
7103	535
5694	738
8423	654
3704	610
3941	624
4042	679
4993	247
2347	534
6190	595
1946	7
3485	522
5913	444
1997	379
5997	152
3998	895
3872	220
5772	80
5271	461
6288	690
1641	801
1942	274
8196	209
9998	604
3592	450
1248	415
8160	293
8674	238
9285	325
4641	853
1977	784
7748	77
2121	589
8025	43
3542	45
7283	353
7679	86
5101	335
9958	978
5334	78
1496	667
2374	629
4825	686
5102	513
2816	710
2037	267
1100	679
3997	215
6298	875
8072	307
7372	307
5435	789
2287	980
8878	879
1972	821
3774	171
5336	656
5479	485
5090	267
5895	287
8296	219
6451	703
4889	647
4843	562
6046	554
2157	166
1242	57
1987	847
2613	740
5397	244
4850	428
4372	774
7579	854
3679	795
8301	256
9663	722
8424	209
4079	679
8983	605
2803	860
6737	582
5392	378
2421	325
5567	449
5916	270
4557	948
9395	194
9740	82
1435	199
1400	423
3349	642
8123	933
6034	453
5706	164
8541	542
2127	4
2224	545
7726	429
1612	300
8904	890
3807	439
1829	422
9044	78
5399	33
4778	854
7217	233
2695	281
2750	238
6947	913
1070	262
4996	775
9029	387
3913	973
